0	0	5	12.5	0	5	12.5	0	5	12.5
0.0125664	0.0628319	5	12.6974	0.0628319	5	12.6974	0.0626666	4.96057	12.5
0.0251327	0.124672	4.92104	12.8855	0.125664	4.92104	12.8979	0.124345	4.84292	12.5
0.0376991	0.184542	4.76438	13.0524	0.187503	4.76313	13.1016	0.184062	4.64888	12.5
0.0502655	0.241499	4.53247	13.1878	0.247359	4.52751	13.3085	0.240877	4.38153	12.5
0.0628319	0.294642	4.229	13.2829	0.304253	4.21667	13.5186	0.293893	4.04508	12.5
0.0753982	0.343133	3.85874	13.3319	0.357241	3.83433	13.7321	0.342274	3.64484	12.5
0.0879646	0.386204	3.42755	13.3317	0.405425	3.38541	13.949	0.385257	3.18712	12.5
0.100531	0.423178	2.94223	13.2823	0.447967	2.87594	14.1692	0.422164	2.67913	12.5
0.113097	0.453468	2.41045	13.1868	0.484107	2.313	14.393	0.452414	2.1289	12.5
0.125664	0.476598	1.8406	13.0512	0.513173	1.70466	14.6203	0.475528	1.54508	12.5
0.13823	0.492201	1.24169	12.884	0.534595	1.05978	14.8511	0.491144	0.936907	12.5
0.150796	0.500032	0.623172	12.6958	0.547912	0.387994	15.0857	0.499013	0.313953	12.5
0.163363	0.499967	-0.00518716	12.4984	0.552788	-0.300533	15.3239	0.499013	-0.313953	12.5
0.175929	0.492007	-0.633464	12.3042	0.549011	-0.995187	15.5659	0.491144	-0.936907	12.5
0.188496	0.476277	-1.25174	12.1254	0.536505	-1.68509	15.8117	0.475528	-1.54508	12.5
0.201062	0.453026	-1.85025	11.9733	0.51533	-2.35929	16.0614	0.452414	-2.1289	12.5
0.213628	0.422621	-2.41954	11.8575	0.485682	-3.00687	16.315	0.422164	-2.67913	12.5
0.226195	0.385543	-2.95062	11.7852	0.447897	-3.6172	16.5726	0.385257	-3.18712	12.5
0.238761	0.342376	-3.4351	11.761	0.402442	-4.18004	16.8343	0.342274	-3.64484	12.5
0.251327	0.293803	-3.86535	11.7865	0.349914	-4.68576	17.1002	0.293893	-4.04508	12.5
0.263894	0.24059	-4.23455	11.8599	0.291031	-5.12548	17.3702	0.240877	-4.38153	12.5
0.27646	0.183578	-4.53688	11.9767	0.226622	-5.4912	17.6445	0.184062	-4.64888	12.5
0.289027	0.123666	-4.76757	12.1296	0.157618	-5.77598	17.9231	0.124345	-4.84292	12.5
0.301593	0.0618025	-4.92298	12.3088	0.0850346	-5.97405	18.2062	0.0626666	-4.96057	12.5
0.314159	-0.00103743	-5.00064	12.5033	0.00996247	-6.0809	18.4937	2.83277e-16	-5	12.5
0.326726	-0.063861	-4.99934	12.7006	-0.0664524	-6.09342	18.7857	-0.0626666	-4.96057	12.5
0.339292	-0.125676	-4.91909	12.8884	-0.143025	-6.00992	19.0824	-0.124345	-4.84292	12.5
0.351858	-0.185507	-4.76116	13.0549	-0.218547	-5.83019	19.3837	-0.184062	-4.64888	12.5
0.364425	-0.242408	-4.52804	13.1897	-0.291812	-5.55555	19.6898	-0.240877	-4.38153	12.5
0.376991	-0.295481	-4.22343	13.2841	-0.361625	-5.18885	20.0007	-0.293893	-4.04508	12.5
0.389557	-0.343888	-3.85211	13.3323	-0.42683	-4.73442	20.3166	-0.342274	-3.64484	12.5
0.402124	-0.386864	-3.41997	13.3313	-0.486324	-4.19805	20.6374	-0.385257	-3.18712	12.5
0.41469	-0.423732	-2.93382	13.2811	-0.539079	-3.58692	20.9633	-0.422164	-2.67913	12.5
0.427257	-0.453908	-2.40135	13.1849	-0.584153	-2.90949	21.2943	-0.452414	-2.1289	12.5
0.439823	-0.476917	-1.83095	13.0487	-0.620715	-2.17542	21.6306	-0.475528	-1.54508	12.5
0.452389	-0.492394	-1.23164	12.881	-0.648052	-1.39541	21.9722	-0.491144	-0.936907	12.5
0.464956	-0.500095	-0.612877	12.6926	-0.665587	-0.581042	22.3191	-0.499013	-0.313953	12.5
0.477522	-0.4999	0.0155615	12.4951	-0.672889	0.25536	22.6716	-0.499013	0.313953	12.5
0.490088	-0.49181	0.643754	12.3011	-0.66968	1.10094	23.0296	-0.491144	0.936907	12.5
0.502655	-0.475954	1.26178	12.1227	-0.655845	1.94248	23.3933	-0.475528	1.54508	12.5
0.515221	-0.452582	1.85988	11.9711	-0.631435	2.76664	23.7627	-0.452414	2.1289	12.5
0.527788	-0.422063	2.42861	11.856	-0.596669	3.56013	24.1379	-0.422164	2.67913	12.5
0.540354	-0.384879	2.95899	11.7844	-0.551931	4.30992	24.5191	-0.385257	3.18712	12.5
0.55292	-0.341618	3.44265	11.7611	-0.497771	5.0035	24.9063	-0.342274	3.64484	12.5
0.565487	-0.292962	3.87194	11.7873	-0.434895	5.62902	25.2996	-0.293893	4.04508	12.5
0.578053	-0.239679	4.24008	11.8615	-0.364159	6.17552	25.6991	-0.240877	4.38153	12.5
0.590619	-0.182612	4.54127	11.9789	-0.286555	6.63314	26.1049	-0.184062	4.64888	12.5
0.603186	-0.122661	4.77075	12.1323	-0.2032	6.99323	26.5172	-0.124345	4.84292	12.5
0.615752	-0.0607728	4.92489	12.3119	-0.115321	7.24858	26.9359	-0.0626666	4.96057	12.5
0.628319	0.00207486	5.00126	12.5065	-0.0242323	7.3935	27.3612	-5.66554e-16	5	12.5
0.640885	0.0648898	4.99865	12.7038	0.0686771	7.42395	27.7933	0.0626666	4.96057	12.5
0.653451	0.12668	4.91711	12.8914	0.161969	7.33764	28.2322	0.124345	4.84292	12.5
0.666018	0.18647	4.75792	13.0574	0.254177	7.13411	28.678	0.184062	4.64888	12.5
0.678584	0.243315	4.52359	13.1916	0.343827	6.8147	29.1309	0.240877	4.38153	12.5
0.69115	0.296318	4.21784	13.2853	0.429463	6.38264	29.5909	0.293893	4.04508	12.5
0.703717	0.344641	3.84547	13.3327	0.509669	5.84296	30.0582	0.342274	3.64484	12.5
0.716283	0.387523	3.41238	13.3309	0.583094	5.20249	30.5329	0.385257	3.18712	12.5
0.728849	0.424285	2.92541	13.2799	0.64847	4.46975	31.015	0.422164	2.67913	12.5
0.741416	0.454346	2.39224	13.1829	0.704639	3.65486	31.5048	0.452414	2.1289	12.5
0.753982	0.477233	1.82129	13.0461	0.750567	2.76938	32.0023	0.475528	1.54508	12.5
0.766549	0.492584	1.22158	12.8781	0.785368	1.82619	32.5077	0.491144	0.936907	12.5
0.779115	0.500156	0.602579	12.6894	0.808317	0.83927	33.021	0.499013	0.313953	12.5
0.791681	0.49983	-0.0259357	12.4919	0.818863	-0.176491	33.5424	0.499013	-0.313953	12.5
0.804248	0.491611	-0.654041	12.298	0.816646	-1.20551	34.0721	0.491144	-0.936907	12.5
0.816814	0.475629	-1.27182	12.1199	0.801497	-2.23173	34.6102	0.475528	-1.54508	12.5
0.82938	0.452136	-1.86951	11.9689	0.773452	-3.23892	35.1567	0.452414	-2.1289	12.5
0.841947	0.421503	-2.43768	11.8544	0.73275	-4.21087	35.7119	0.422164	-2.67913	12.5
0.854513	0.384215	-2.96736	11.7837	0.679835	-5.13167	36.2758	0.385257	-3.18712	12.5
0.86708	0.340858	-3.45018	11.7611	0.615349	-5.98598	36.8487	0.342274	-3.64484	12.5
0.879646	0.292119	-3.87851	11.7881	0.540127	-6.75925	37.4306	0.293893	-4.04508	12.5
0.892212	0.238768	-4.2456	11.8631	0.455187	-7.43799	38.0216	0.240877	-4.38153	12.5
0.904779	0.181645	-4.54565	11.9812	0.361719	-8.01	38.622	0.184062	-4.64888	12.5
0.917345	0.121655	-4.77391	12.1351	0.261062	-8.46455	39.2319	0.124345	-4.84292	12.5
0.929911	0.0597429	-4.92678	12.3151	0.154694	-8.79261	39.8515	0.0626666	-4.96057	12.5
0.942478	-0.00311228	-5.00186	12.5098	0.0442024	-8.987	40.4808	1.07188e-15	-5	12.5
0.955044	-0.0659183	-4.99795	12.707	-0.0687316	-9.04255	41.12	-0.0626666	-4.96057	12.5
0.967611	-0.127683	-4.91511	12.8943	-0.182364	-8.95618	41.7694	-0.124345	-4.84292	12.5
0.980177	-0.187432	-4.75466	13.0599	-0.29491	-8.72701	42.429	-0.184062	-4.64888	12.5
0.992743	-0.244221	-4.51913	13.1935	-0.404577	-8.35642	43.099	-0.240877	-4.38153	12.5
1.00531	-0.297154	-4.21223	13.2865	-0.509587	-7.84801	43.7796	-0.293893	-4.04508	12.5
1.01788	-0.345394	-3.83881	13.3331	-0.608208	-7.20764	44.4709	-0.342274	-3.64484	12.5
1.03044	-0.388179	-3.40478	13.3304	-0.698782	-6.44335	45.1732	-0.385257	-3.18712	12.5
1.04301	-0.424835	-2.91698	13.2786	-0.779751	-5.56523	45.8865	-0.422164	-2.67913	12.5
1.05558	-0.454782	-2.38312	13.181	-0.849686	-4.58537	46.6111	-0.452414	-2.1289	12.5
1.06814	-0.477548	-1.81162	13.0436	-0.907307	-3.51762	47.3472	-0.475528	-1.54508	12.5
1.08071	-0.492772	-1.21151	12.8751	-0.951511	-2.37746	48.0948	-0.491144	-0.936907	12.5
1.09327	-0.500215	-0.592279	12.6861	-0.981387	-1.18176	48.8543	-0.499013	-0.313953	12.5
1.10584	-0.499759	0.0363098	12.4886	-0.996238	0.0514871	49.6258	-0.499013	0.313953	12.5
1.11841	-0.491411	0.664325	12.2949	-0.995591	1.3034	50.4095	-0.491144	0.936907	12.5
1.13097	-0.475302	1.28185	12.1172	-0.979212	2.55449	51.2055	-0.475528	1.54508	12.5
1.14354	-0.451688	1.87913	11.9667	-0.947111	3.78501	52.0141	-0.452414	2.1289	12.5
1.15611	-0.420942	2.44674	11.8529	-0.899547	4.97518	52.8355	-0.422164	2.67913	12.5
1.16867	-0.383548	2.97571	11.7829	-0.837027	6.10559	53.6698	-0.385257	3.18712	12.5
1.18124	-0.340097	3.45769	11.7611	-0.760302	7.15743	54.5173	-0.342274	3.64484	12.5
1.19381	-0.291276	3.88507	11.789	-0.670359	8.11285	55.3782	-0.293893	4.04508	12.5
1.20637	-0.237855	4.2511	11.8647	-0.56841	8.95525	56.2527	-0.240877	4.38153	12.5
1.21894	-0.180678	4.55	11.9835	-0.455875	9.66953	57.141	-0.184062	4.64888	12.5
1.2315	-0.120648	4.77704	12.1379	-0.334364	10.2424	58.0434	-0.124345	4.84292	12.5
1.24407	-0.0587128	4.92866	12.3182	-0.205655	10.6626	58.96	-0.0626666	4.96057	12.5
1.25664	0.00414968	5.00244	12.513	-0.0716647	10.921	59.891	9.52503e-15	5	12.5
1.2692	0.0669466	4.99722	12.7102	0.0655728	11.0111	60.8368	0.0626666	4.96057	12.5
1.28177	0.128686	4.91309	12.8973	0.203942	10.9287	61.7975	0.124345	4.84292	12.5
1.29434	0.188394	4.75138	13.0624	0.341276	10.6724	62.7734	0.184062	4.64888	12.5
1.3069	0.245127	4.51464	13.1953	0.475389	10.2435	63.7646	0.240877	4.38153	12.5
1.31947	0.297988	4.2066	13.2876	0.604113	9.64613	64.7716	0.293893	4.04508	12.5
1.33204	0.346144	3.83214	13.3334	0.72533	8.88698	65.7944	0.342274	3.64484	12.5
1.3446	0.388834	3.39716	13.33	0.837007	7.97551	66.8334	0.385257	3.18712	12.5
1.35717	0.425384	2.90854	13.2774	0.93723	6.92369	67.8888	0.422164	2.67913	12.5
1.36973	0.455217	2.37398	13.179	1.02424	5.74594	68.9608	0.452414	2.1289	12.5
1.3823	0.47786	1.80194	13.041	1.09644	4.45884	70.0498	0.475528	1.54508	12.5
1.39487	0.492958	1.20145	12.8721	1.15247	3.08102	71.156	0.491144	0.936907	12.5
1.40743	0.500272	0.581976	12.6829	1.19119	1.63278	72.2796	0.499013	0.313953	12.5
1.42	0.499685	-0.0466838	12.4853	1.21171	0.135882	73.421	0.499013	-0.313953	12.5
1.43257	0.491208	-0.674606	12.2918	1.21342	-1.38679	74.5805	0.491144	-0.936907	12.5
1.44513	0.474973	-1.29188	12.1145	1.19599	-2.91162	75.7582	0.475528	-1.54508	12.5
1.4577	0.451239	-1.88875	11.9645	1.1594	-4.41454	76.9545	0.452414	-2.1289	12.5
1.47027	0.420378	-2.45579	11.8513	1.10393	-5.87149	78.1697	0.422164	-2.67913	12.5
1.48283	0.38288	-2.98405	11.7821	1.03014	-7.25872	79.4041	0.385257	-3.18712	12.5
1.4954	0.339335	-3.46519	11.7612	0.938926	-8.55323	80.658	0.342274	-3.64484	12.5
1.50796	0.290431	-3.89161	11.7898	0.831443	-9.73312	81.9317	0.293893	-4.04508	12.5
1.52053	0.236942	-4.25658	11.8663	0.709133	-10.7779	83.2255	0.240877	-4.38153	12.5
1.5331	0.17971	-4.55433	11.9857	0.573693	-11.6691	84.5398	0.184062	-4.64888	12.5
1.54566	0.119641	-4.78016	12.1407	0.427056	-12.39	85.8748	0.124345	-4.84292	12.5
1.55823	0.0576824	-4.93051	12.3213	0.271358	-12.9266	87.2309	0.0626666	-4.96057	12.5
1.5708	-0.00518707	-5.00299	12.5163	0.108917	-13.2676	88.6084	-2.27865e-14	-5	12.5
1.58336	-0.0679746	-4.99647	12.7134	-0.0578089	-13.4045	90.0076	-0.0626666	-4.96057	12.5
1.59593	-0.129689	-4.91105	12.9002	-0.226255	-13.3319	91.429	-0.124345	-4.84292	12.5
1.6085	-0.189355	-4.74808	13.0649	-0.393788	-13.0476	92.8727	-0.184062	-4.64888	12.5
1.62106	-0.246031	-4.51013	13.1972	-0.557749	-12.5527	94.3393	-0.240877	-4.38153	12.5
1.63363	-0.298822	-4.20096	13.2888	-0.71549	-11.8518	95.8291	-0.293893	-4.04508	12.5
1.64619	-0.346894	-3.82545	13.3338	-0.864425	-10.9527	97.3423	-0.342274	-3.64484	12.5
1.65876	-0.389488	-3.38953	13.3295	-1.00206	-9.86643	98.8795	-0.385257	-3.18712	12.5
1.67133	-0.425931	-2.90009	13.2761	-1.12605	-8.60721	100.441	-0.422164	-2.67913	12.5
1.68389	-0.455649	-2.36484	13.177	-1.23421	-7.19218	102.027	-0.452414	-2.1289	12.5
1.69646	-0.478171	-1.79226	13.0385	-1.32459	-5.64123	103.638	-0.475528	-1.54508	12.5
1.70903	-0.493142	-1.19137	12.8691	-1.39548	-3.9767	105.275	-0.491144	-0.936907	12.5
1.72159	-0.500326	-0.571671	12.6797	-1.44545	-2.22309	106.937	-0.499013	-0.313953	12.5
1.73416	-0.499609	0.0570576	12.4821	-1.47339	-0.406689	108.626	-0.499013	0.313953	12.5
1.74673	-0.491003	0.684885	12.2887	-1.4785	1.44482	110.341	-0.491144	0.936907	12.5
1.75929	-0.474642	1.3019	12.1117	-1.46034	3.30275	112.084	-0.475528	1.54508	12.5
1.77186	-0.450787	1.89835	11.9623	-1.41884	5.13787	113.854	-0.452414	2.1289	12.5
1.78442	-0.419813	2.46483	11.8498	-1.35427	6.92083	115.652	-0.422164	2.67913	12.5
1.79699	-0.38221	2.99238	11.7814	-1.2673	8.62266	117.478	-0.385257	3.18712	12.5
1.80956	-0.338571	3.47268	11.7613	-1.15895	10.2152	119.333	-0.342274	3.64484	12.5
1.82212	-0.289585	3.89814	11.7907	-1.03058	11.6716	121.217	-0.293893	4.04508	12.5
1.83469	-0.236027	4.26204	11.8679	-0.883909	12.9666	123.132	-0.240877	4.38153	12.5
1.84726	-0.178741	4.55864	11.988	-0.720966	14.0774	125.076	-0.184062	4.64888	12.5
1.85982	-0.118633	4.78326	12.1435	-0.544064	14.9834	127.051	-0.124345	4.84292	12.5
1.87239	-0.0566517	4.93233	12.3244	-0.355777	15.6671	129.057	-0.0626666	4.96057	12.5
1.88496	0.00622444	5.00353	12.5196	-0.158899	16.1142	131.095	3.69361e-14	5	12.5
1.89752	0.0690023	4.9957	12.7166	0.0435976	16.3138	133.166	0.0626666	4.96057	12.5
1.91009	0.130691	4.90899	12.9031	0.248603	16.259	135.269	0.124345	4.84292	12.5
1.92265	0.190315	4.74476	13.0674	0.452921	15.9466	137.405	0.184062	4.64888	12.5
1.93522	0.246934	4.5056	13.1991	0.653312	15.3775	139.574	0.240877	4.38153	12.5
1.94779	0.299654	4.1953	13.2899	0.846551	14.5565	141.778	0.293893	4.04508	12.5
1.96035	0.347641	3.81874	13.3341	1.02947	13.4927	144.017	0.342274	3.64484	12.5
1.97292	0.390139	3.38188	13.329	1.19903	12.199	146.292	0.385257	3.18712	12.5
1.98549	0.426477	2.89162	13.2748	1.35233	10.6923	148.602	0.422164	2.67913	12.5
1.99805	0.456079	2.35569	13.1751	1.48669	8.9929	150.948	0.452414	2.1289	12.5
2.01062	0.47848	1.78257	13.0359	1.5997	7.12468	153.332	0.475528	1.54508	12.5
2.02319	0.493324	1.18129	12.8662	1.68923	5.11444	155.753	0.491144	0.936907	12.5
2.03575	0.500378	0.561363	12.6765	1.7535	2.99169	158.213	0.499013	0.313953	12.5
2.04832	0.499531	-0.0674311	12.4788	1.79109	0.788179	160.711	0.499013	-0.313953	12.5
2.06088	0.490795	-0.69516	12.2856	1.801	-1.46257	163.249	0.491144	-0.936907	12.5
2.07345	0.474309	-1.31191	12.109	1.78262	-3.72577	165.827	0.475528	-1.54508	12.5
2.08602	0.450333	-1.90795	11.9601	1.7358	-5.96588	168.446	0.452414	-2.1289	12.5
2.09858	0.419246	-2.47385	11.8483	1.66083	-8.14715	171.106	0.422164	-2.67913	12.5
2.11115	0.381538	-3.00069	11.7807	1.55845	-10.2342	173.808	0.385257	-3.18712	12.5
2.12372	0.337805	-3.48015	11.7613	1.42984	-12.1926	176.552	0.342274	-3.64484	12.5
2.13628	0.288738	-3.90465	11.7916	1.27663	-13.9894	179.34	0.293893	-4.04508	12.5
2.14885	0.235111	-4.26749	11.8696	1.10083	-15.5937	182.172	0.240877	-4.38153	12.5
2.16142	0.177772	-4.56294	11.9903	0.904874	-16.977	185.049	0.184062	-4.64888	12.5
2.17398	0.117625	-4.78633	12.1463	0.691534	-18.1141	187.971	0.124345	-4.84292	12.5
2.18655	0.0556208	-4.93414	12.3276	0.463906	-18.9831	190.94	0.0626666	-4.96057	12.5
2.19911	-0.00726178	-5.00404	12.5228	0.225357	-19.5661	193.955	-4.7533e-14	-5	12.5
2.21168	-0.0700297	-4.99491	12.7198	-0.0205174	-19.8493	197.018	-0.0626666	-4.96057	12.5
2.22425	-0.131692	-4.90691	12.906	-0.269951	-19.8235	200.129	-0.124345	-4.84292	12.5
2.23681	-0.191274	-4.74142	13.0698	-0.51906	-19.4842	203.289	-0.184062	-4.64888	12.5
2.24938	-0.247836	-4.50106	13.2009	-0.763906	-18.832	206.499	-0.240877	-4.38153	12.5
2.26195	-0.300484	-4.18962	13.291	-1.00056	-17.872	209.76	-0.293893	-4.04508	12.5
2.27451	-0.348388	-3.81202	13.3344	-1.22514	-16.6147	213.073	-0.342274	-3.64484	12.5
2.28708	-0.390789	-3.37422	13.3285	-1.43393	-15.0751	216.437	-0.385257	-3.18712	12.5
2.29965	-0.42702	-2.88314	13.2736	-1.62337	-13.2732	219.855	-0.422164	-2.67913	12.5
2.31221	-0.456507	-2.34653	13.1731	-1.79016	-11.2332	223.327	-0.452414	-2.1289	12.5
2.32478	-0.478786	-1.77287	13.0333	-1.93133	-8.98363	226.854	-0.475528	-1.54508	12.5
2.33734	-0.493504	-1.17121	12.8632	-2.04422	-6.55666	230.436	-0.491144	-0.936907	12.5
2.34991	-0.500429	-0.551053	12.6733	-2.12661	-3.98782	234.075	-0.499013	-0.313953	12.5
2.36248	-0.499451	0.0778043	12.4756	-2.17672	-1.31544	237.771	-0.499013	0.313953	12.5
2.37504	-0.490586	0.705433	12.2826	-2.19325	1.41991	241.526	-0.491144	0.936907	12.5
2.38761	-0.473974	1.32192	12.1063	-2.17541	4.17603	245.34	-0.475528	1.54508	12.5
2.40018	-0.449878	1.91754	11.958	-2.12293	6.90973	249.214	-0.452414	2.1289	12.5
2.41274	-0.418677	2.48287	11.8468	-2.0361	9.57749	253.15	-0.422164	2.67913	12.5
2.42531	-0.380865	3.00899	11.7799	-1.91575	12.1361	257.147	-0.385257	3.18712	12.5
2.43788	-0.337039	3.4876	11.7614	-1.76324	14.5435	261.208	-0.342274	3.64484	12.5
2.45044	-0.28789	3.91114	11.7925	-1.58048	16.7593	265.333	-0.293893	4.04508	12.5
2.46301	-0.234195	4.27291	11.8712	-1.36988	18.7454	269.523	-0.240877	4.38153	12.5
2.47558	-0.176802	4.56721	11.9926	-1.13432	20.4668	273.779	-0.184062	4.64888	12.5
2.48814	-0.116616	4.78938	12.1491	-0.877123	21.8922	278.102	-0.124345	4.84292	12.5
2.50071	-0.0545897	4.93593	12.3307	-0.602017	22.9945	282.494	-0.0626666	4.96057	12.5
2.51327	0.00829908	5.00453	12.5261	-0.31306	23.751	286.955	6.16826e-14	5	12.5
2.52584	0.0710568	4.9941	12.723	-0.0145967	24.1444	291.486	0.0626666	4.96057	12.5
2.53841	0.132692	4.90481	12.9089	0.288811	24.1627	296.089	0.124345	4.84292	12.5
2.55097	0.192233	4.73806	13.0723	0.592448	23.7998	300.765	0.184062	4.64888	12.5
2.56354	0.248737	4.49649	13.2027	0.891525	23.0553	305.514	0.240877	4.38153	12.5
2.57611	0.301314	4.18392	13.2921	1.18125	21.935	310.339	0.293893	4.04508	12.5
2.58867	0.349133	3.80528	13.3348	1.45689	20.4506	315.239	0.342274	3.64484	12.5
2.60124	0.391438	3.36655	13.328	1.71388	18.6198	320.218	0.385257	3.18712	12.5
2.61381	0.427562	2.87465	13.2723	1.94786	16.4661	325.274	0.422164	2.67913	12.5
2.62637	0.456934	2.33736	13.1711	2.15478	14.0183	330.411	0.452414	2.1289	12.5
2.63894	0.47909	1.76316	13.0307	2.33094	11.3105	335.628	0.475528	1.54508	12.5
2.6515	0.493681	1.16112	12.8602	2.47307	8.38139	340.928	0.491144	0.936907	12.5
2.66407	0.500477	0.54074	12.67	2.5784	5.27364	346.312	0.499013	0.313953	12.5
2.67664	0.499369	-0.0881772	12.4723	2.64467	2.03353	351.781	0.499013	-0.313953	12.5
2.6892	0.490375	-0.715702	12.2795	2.67022	-1.28986	357.336	0.491144	-0.936907	12.5
2.70177	0.473637	-1.33193	12.1036	2.65401	-4.64536	362.979	0.475528	-1.54508	12.5
2.71434	0.44942	-1.92712	11.9558	2.59564	-7.98049	368.711	0.452414	-2.1289	12.5
2.7269	0.418107	-2.49187	11.8454	2.49535	-11.2423	374.533	0.422164	-2.67913	12.5
2.73947	0.38019	-3.01728	11.7792	2.35408	-14.378	380.448	0.385257	-3.18712	12.5
2.75204	0.33627	-3.49504	11.7616	2.1734	-17.3362	386.455	0.342274	-3.64484	12.5
2.7646	0.28704	-3.91761	11.7934	1.95554	-20.0674	392.558	0.293893	-4.04508	12.5
2.77717	0.233277	-4.27832	11.8729	1.70337	-22.5248	398.757	0.240877	-4.38153	12.5
2.78973	0.175831	-4.57146	11.995	1.42031	-24.6653	405.054	0.184062	-4.64888	12.5
2.8023	0.115607	-4.79242	12.1519	1.11036	-26.4502	411.45	0.124345	-4.84292	12.5
2.81487	0.0535583	-4.93769	12.3338	0.777978	-27.8455	417.948	0.0626666	-4.96057	12.5
2.82743	-0.00933636	-5.005	12.5294	0.428062	-28.8231	424.548	-7.58323e-14	-5	12.5
2.84	-0.0720836	-4.99327	12.7262	0.0658598	-29.361	431.252	-0.0626666	-4.96057	12.5
2.85257	-0.133693	-4.90268	12.9118	-0.303102	-29.4438	438.062	-0.124345	-4.84292	12.5
2.86513	-0.19319	-4.73468	13.0747	-0.673103	-29.0629	444.98	-0.184062	-4.64888	12.5
2.8777	-0.249637	-4.49191	13.2046	-1.03832	-28.2171	452.006	-0.240877	-4.38153	12.5
2.89027	-0.302142	-4.17821	13.2932	-1.3929	-26.9123	459.144	-0.293893	-4.04508	12.5
2.90283	-0.349876	-3.79852	13.335	-1.73109	-25.1619	466.395	-0.342274	-3.64484	12.5
2.9154	-0.392084	-3.35886	13.3275	-2.04729	-22.9865	473.76	-0.385257	-3.18712	12.5
2.92796	-0.428102	-2.86615	13.2709	-2.33614	-20.4138	481.241	-0.422164	-2.67913	12.5
2.94053	-0.457358	-2.32818	13.169	-2.59267	-17.4781	488.84	-0.452414	-2.1289	12.5
2.9531	-0.479393	-1.75345	13.0282	-2.81231	-14.2201	496.56	-0.475528	-1.54508	12.5
2.96566	-0.493857	-1.15102	12.8572	-2.991	-10.686	504.401	-0.491144	-0.936907	12.5
2.97823	-0.500522	-0.530425	12.6668	-3.12529	-6.92744	512.366	-0.499013	-0.313953	12.5
2.9908	-0.499284	0.0985498	12.4691	-3.21234	-3.00009	520.457	-0.499013	0.313953	12.5
3.00336	-0.490161	0.725969	12.2764	-3.25004	1.03666	528.676	-0.491144	0.936907	12.5
3.01593	-0.473298	1.34192	12.1009	-3.23702	5.12079	537.025	-0.475528	1.54508	12.5
3.0285	-0.448961	1.93669	11.9537	-3.17267	9.18854	545.505	-0.452414	2.1289	12.5
3.04106	-0.417534	2.50087	11.8439	-3.0572	13.1754	554.119	-0.422164	2.67913	12.5
3.05363	-0.379514	3.02556	11.7785	-2.89163	17.0172	562.87	-0.385257	3.18712	12.5
3.06619	-0.335501	3.50247	11.7617	-2.67779	20.651	571.758	-0.342274	3.64484	12.5
3.07876	-0.286189	3.92407	11.7944	-2.41828	24.016	580.787	-0.293893	4.04508	12.5
3.09133	-0.232359	4.28371	11.8746	-2.11649	27.0549	589.958	-0.240877	4.38153	12.5
3.10389	-0.174859	4.5757	11.9973	-1.7765	29.7145	599.275	-0.184062	4.64888	12.5
3.11646	-0.114598	4.79543	12.1547	-1.4031	31.9469	608.738	-0.124345	4.84292	12.5
3.12903	-0.0525267	4.93944	12.337	-1.00164	33.7101	618.351	-0.0626666	4.96057	12.5
3.14159	0.0103736	5.00545	12.5326	-0.57803	34.9688	628.115	8.82055e-14	5	12.5
3.15416	0.0731101	4.99241	12.7293	-0.138599	35.6952	638.034	0.0626666	4.96057	12.5
3.16673	0.134692	4.90054	12.9147	0.30996	35.8694	648.11	0.124345	4.84292	12.5
3.17929	0.194147	4.73128	13.0772	0.760708	35.4799	658.344	0.184062	4.64888	12.5
3.19186	0.250536	4.48731	13.2064	1.20656	34.5239	668.74	0.240877	4.38153	12.5
3.20442	0.302969	4.17247	13.2943	1.6404	33.0077	679.301	0.293893	4.04508	12.5
3.21699	0.350618	3.79175	13.3353	2.05519	30.9463	690.028	0.342274	3.64484	12.5
3.22956	0.392729	3.35115	13.3269	2.44407	28.3637	700.924	0.385257	3.18712	12.5
3.24212	0.428639	2.85763	13.2696	2.8005	25.2924	711.993	0.422164	2.67913	12.5
3.25469	0.457781	2.31899	13.167	3.11833	21.7732	723.236	0.452414	2.1289	12.5
3.26726	0.479693	1.74373	13.0256	3.39194	17.8546	734.657	0.475528	1.54508	12.5
3.27982	0.49403	1.14092	12.8542	3.61631	13.5921	746.258	0.491144	0.936907	12.5
3.29239	0.500566	0.520108	12.6636	3.78711	9.04773	758.043	0.499013	0.313953	12.5
3.30496	0.499197	-0.108922	12.4658	3.90081	4.2887	770.013	0.499013	-0.313953	12.5
3.31752	0.489946	-0.736232	12.2734	3.95471	-0.6132	782.173	0.491144	-0.936907	12.5
3.33009	0.472957	-1.35192	12.0983	3.947	-5.58283	794.524	0.475528	-1.54508	12.5
3.34265	0.4485	-1.94625	11.9515	3.87684	-10.5428	807.071	0.452414	-2.1289	12.5
3.35522	0.41696	-2.50985	11.8425	3.74436	-15.4146	819.816	0.422164	-2.67913	12.5
3.36779	0.378836	-3.03382	11.7779	3.55065	-20.1199	832.762	0.385257	-3.18712	12.5
3.38035	0.334729	-3.50988	11.7618	3.29782	-24.5817	845.912	0.342274	-3.64484	12.5
3.39292	0.285337	-3.93051	11.7953	2.98892	-28.7259	859.27	0.293893	-4.04508	12.5
3.40549	0.231439	-4.28908	11.8763	2.62794	-32.4819	872.839	0.240877	-4.38153	12.5
3.41805	0.173886	-4.57991	11.9996	2.21976	-35.7843	886.623	0.184062	-4.64888	12.5
3.43062	0.113587	-4.79842	12.1575	1.77008	-38.5737	900.624	0.124345	-4.84292	12.5
3.44319	0.0514949	-4.94116	12.3401	1.28535	-40.798	914.846	0.0626666	-4.96057	12.5
3.45575	-0.0114108	-5.00587	12.5359	0.772665	-42.4132	929.292	-1.00579e-13	-5	12.5
3.46832	-0.0741362	-4.99153	12.7325	0.239684	-43.3842	943.967	-0.0626666	-4.96057	12.5
3.48088	-0.135691	-4.89837	12.9176	-0.305498	-43.6854	958.874	-0.124345	-4.84292	12.5
3.49345	-0.195103	-4.72786	13.0796	-0.854465	-43.3015	974.016	-0.184062	-4.64888	12.5
3.50602	-0.251434	-4.48268	13.2082	-1.39861	-42.2277	989.397	-0.240877	-4.38153	12.5
3.51858	-0.303795	-4.16672	13.2953	-1.92926	-40.4702	1005.02	-0.293893	-4.04508	12.5
3.53115	-0.351358	-3.78496	13.3356	-2.43782	-38.0458	1020.89	-0.342274	-3.64484	12.5
3.54372	-0.393373	-3.34343	13.3264	-2.91592	-34.9824	1037.01	-0.385257	-3.18712	12.5
3.55628	-0.429176	-2.84911	13.2683	-3.35552	-31.3181	1053.39	-0.422164	-2.67913	12.5
3.56885	-0.458201	-2.30979	13.165	-3.74908	-27.1015	1070.02	-0.452414	-2.1289	12.5
3.58142	-0.479991	-1.734	13.023	-4.08964	-22.3902	1086.92	-0.475528	-1.54508	12.5
3.59398	-0.494202	-1.13082	12.8511	-4.37101	-17.251	1104.08	-0.491144	-0.936907	12.5
3.60655	-0.500608	-0.509789	12.6603	-4.58779	-11.7583	1121.52	-0.499013	-0.313953	12.5
3.61911	-0.499109	0.119294	12.4626	-4.73555	-5.99308	1139.23	-0.499013	0.313953	12.5
3.63168	-0.489728	0.746492	12.2703	-4.81086	-0.0422109	1157.22	-0.491144	0.936907	12.5
3.64425	-0.472614	1.3619	12.0956	-4.81139	6.00329	1175.49	-0.475528	1.54508	12.5
3.65681	-0.448036	1.95581	11.9494	-4.73595	12.0495	1194.06	-0.452414	2.1289	12.5
3.66938	-0.416384	2.51883	11.841	-4.58453	18.0008	1212.91	-0.422164	2.67913	12.5
3.68195	-0.378156	3.04207	11.7772	-4.35833	23.7619	1232.07	-0.385257	3.18712	12.5
3.69451	-0.333957	3.51727	11.762	-4.05973	29.2388	1251.52	-0.342274	3.64484	12.5
3.70708	-0.284484	3.93694	11.7963	-3.6923	34.3404	1271.28	-0.293893	4.04508	12.5
3.71965	-0.230518	4.29443	11.878	-3.26077	38.9802	1291.36	-0.240877	4.38153	12.5
3.73221	-0.172913	4.58411	12.002	-2.77093	43.0778	1311.75	-0.184062	4.64888	12.5
3.74478	-0.112577	4.8014	12.1604	-2.22959	46.5599	1332.47	-0.124345	4.84292	12.5
3.75734	-0.0504628	4.94286	12.3433	-1.64451	49.3617	1353.51	-0.0626666	4.96057	12.5
3.76991	0.0124479	5.00628	12.5392	-1.02421	51.4282	1374.88	1.12952e-13	5	12.5
