0	5	5	1262.5	5	5	1262.5	5	5	1262.5
0.0628319	3.34024	-26.4159	906.76	5.31416	-26.4159	1760.92	4.33898	-25.3442	1262.5
0.125664	0.361804	-47.4033	1130.08	3.6544	-59.8058	2456.1	2.02061	-46.0077	1262.5
0.188496	-2.75947	-49.6765	1614.61	-0.10331	-82.767	3425.72	-1.06956	-49.0979	1262.5
0.251327	-4.79134	-32.3383	1670.73	-5.30372	-82.1179	4778.15	-3.75119	-33.4343	1262.5
0.314159	-4.93167	-2.23342	1218.56	-10.4633	-48.7937	6664.48	-5	-5	1262.5
0.376991	-3.12506	28.7532	901.671	-13.5291	16.9494	9295.52	-4.33898	25.3442	1262.5
0.439823	-0.0847173	48.3885	1171.08	-12.4642	101.955	12965.2	-2.02061	46.0077	1262.5
0.502655	2.98907	48.9208	1643.35	-6.05812	180.27	18083.7	1.06956	49.0979	1262.5
0.565487	4.88281	30.1399	1646.3	5.26859	218.334	25222.9	3.75119	33.4343	1262.5
0.628319	4.8489	-0.539696	1175.74	18.9869	185.231	35180.5	5	5	1262.5
0.69115	2.90072	-31.0063	901.404	30.6253	65.9325	49069.1	4.33898	-25.3442	1262.5
0.753982	-0.192617	-49.232	1213.75	34.768	-126.492	68440.9	2.02061	-46.0077	1262.5
0.816814	-3.20991	-48.0218	1668.22	26.8203	-344.946	95460.2	-1.06956	-49.0979	1262.5
0.879646	-4.95999	-27.8533	1617.98	5.14666	-513.463	133146	-3.75119	-33.4343	1262.5
0.942478	-4.75194	3.31123	1134.53	-27.1152	-545.8	185711	-5	-5	1262.5
1.00531	-2.6679	33.1685	905.96	-61.4088	-375.431	259026	-4.33898	25.3442	1262.5
1.06814	0.469387	49.9314	1257.59	-84.9978	10.4122	361286	-2.02061	46.0077	1262.5
1.13097	3.42137	46.9822	1688.95	-84.3436	544.469	503915	1.06956	49.0979	1262.5
1.19381	5.02264	25.4851	1586.09	-50.1336	1074.42	702853	3.75119	33.4343	1262.5
1.25664	4.64106	-6.07308	1095.41	17.3739	1389.41	980328	5	5	1262.5
1.31947	2.42726	-35.2337	915.287	104.673	1280.25	1.36735e+06	4.33898	-25.3442	1262.5
1.3823	-0.744783	-50.4846	1302.08	185.114	622.568	1.90715e+06	2.02061	-46.0077	1262.5
1.44513	-3.6228	-45.805	1705.28	224.231	-540.537	2.66007e+06	-1.06956	-49.0979	1262.5
1.50796	-5.07059	-23.0423	1551.02	190.268	-1949.42	3.71022e+06	-3.75119	-33.4343	1262.5
1.5708	-4.51659	8.81714	1058.85	67.7823	-3144.91	5.17496e+06	-5	-5	1262.5
1.63363	-2.17952	37.1957	929.275	-129.818	-3570.8	7.21795e+06	-4.33898	25.3442	1262.5
1.69646	1.018	50.89	1346.71	-354.178	-2755.13	1.00675e+07	-2.02061	46.0077	1262.5
1.75929	3.81362	44.4938	1717.03	-527.288	-529.759	1.4042e+07	1.06956	49.0979	1262.5
1.82212	5.10369	20.532	1513.17	-560.574	2783.29	1.95855e+07	3.75119	33.4343	1262.5
1.88496	4.3789	-11.5354	1025.27	-385.695	6305.48	2.73175e+07	5	5	1262.5
1.94779	1.92539	-39.0488	947.762	10.4903	8728.87	3.81021e+07	4.33898	-25.3442	1262.5
2.01062	-1.28823	-51.1464	1390.96	558.941	8662.96	5.31442e+07	2.02061	-46.0077	1262.5
2.07345	-3.99328	-43.0522	1724.06	1103.25	5151.03	7.41247e+07	-1.06956	-49.0979	1262.5
2.13628	-5.12185	-17.9617	1472.98	1426.9	-1780.91	1.03388e+08	-3.75119	-33.4343	1262.5
2.19911	-4.22839	14.2199	995.065	1315	-10746.4	1.44204e+08	-5	-5	1262.5
2.26195	-1.66563	40.7876	970.53	639.787	-19008.8	2.01133e+08	-4.33898	25.3442	1262.5
2.32478	1.5547	51.253	1434.29	-554.57	-23028.7	2.80537e+08	-2.02061	46.0077	1262.5
2.38761	4.16125	41.4846	1726.29	-2001.5	-19544.2	3.91289e+08	1.06956	49.0979	1262.5
2.45044	5.12501	15.3387	1430.92	-3229.5	-6968.39	5.45764e+08	3.75119	33.4343	1262.5
2.51327	4.0655	-16.8627	968.588	-3667.34	13323.2	7.61223e+08	5	5	1262.5
2.57611	1.40099	-42.4069	997.313	-2830.22	36365.8	1.06174e+09	4.33898	-25.3442	1262.5
2.63894	-1.81661	-51.2096	1476.22	-545.292	54148.6	1.4809e+09	2.02061	-46.0077	1262.5
2.70177	-4.31703	-39.7955	1723.68	2856.96	57574.7	2.06554e+09	-1.06956	-49.0979	1262.5
2.7646	-5.11316	-12.6708	1387.5	6474.49	39623.9	2.88098e+09	-3.75119	-33.4343	1262.5
2.82743	-3.8907	19.4562	946.148	8964.13	-1056.5	4.01834e+09	-5	-5	1262.5
2.89027	-1.13225	43.9021	1027.8	8897.75	-57379.8	5.60472e+09	-4.33898	25.3442	1262.5
2.9531	2.0732	51.0162	1516.24	5292.47	-113286	7.81737e+09	-2.02061	46.0077	1262.5
3.01593	4.46018	37.99	1716.28	-1825.5	-146540	1.09036e+10	1.06956	49.0979	1262.5
3.07876	5.08635	9.96583	1343.21	-11032.9	-135070	1.52081e+10	3.75119	33.4343	1262.5
3.14159	3.70451	-21.9927	928.008	-19519.5	-65748.2	2.1212e+10	5	5	1262.5
3.20442	0.86019	-45.2688	1061.63	-23650.6	56896.7	2.95862e+10	4.33898	-25.3442	1262.5
3.26726	-2.32372	-50.6735	1553.89	-20075.7	205498	4.12663e+10	2.02061	-46.0077	1262.5
3.33009	-4.59026	-36.0731	1704.16	-7163.88	331637	5.75576e+10	-1.06956	-49.0979	1262.5
3.39292	-5.04464	-7.23167	1298.57	13673.5	376649	8.02805e+10	-3.75119	-33.4343	1262.5
3.45575	-3.50748	24.4648	914.382	37339.1	290736	1.11974e+11	-5	-5	1262.5
3.51858	-0.585614	46.5029	1098.41	55606.5	56127.8	1.5618e+11	-4.33898	25.3442	1262.5
3.58142	2.56744	50.1824	1588.72	59133.1	-293258	2.17837e+11	-2.02061	46.0077	1262.5
3.64425	4.70691	34.0507	1687.47	40707.2	-664803	3.03835e+11	1.06956	49.0979	1262.5
3.70708	4.98816	4.47633	1254.11	-1063.62	-920574	4.23785e+11	3.75119	33.4343	1262.5
3.76991	3.30017	-26.8652	905.427	-58905	-913891	5.91088e+11	5	5	1262.5
3.83274	0.309324	-47.6008	1137.7	-116326	-543780	8.2444e+11	4.33898	-25.3442	1262.5
3.89557	-2.80364	-49.5444	1620.34	-150493	187120	1.14992e+12	2.02061	-46.0077	1262.5
3.95841	-4.80977	-31.9286	1666.41	-138736	1.1327e+06	1.60388e+12	-1.06956	-49.0979	1262.5
4.02124	-4.91708	-1.70789	1210.34	-67566.6	2.0044e+06	2.23707e+12	-3.75119	-33.4343	1262.5
4.08407	-3.08321	29.187	901.249	58373.6	2.42893e+06	3.12023e+12	-5	-5	1262.5
4.1469	-0.0321285	48.5594	1179.06	210988	2.06216e+06	4.35205e+12	-4.33898	25.3442	1262.5
4.20973	3.03163	48.7613	1648.37	340557	736484	6.07017e+12	-2.02061	46.0077	1262.5
4.27257	4.89855	29.713	1641.22	386832	-1.4033e+06	8.46658e+12	1.06956	49.0979	1262.5
4.3354	4.8316	-1.06555	1167.79	298660	-3.83384e+06	1.18091e+13	3.75119	33.4343	1262.5
4.39823	2.85721	-31.4234	901.898	57772.9	-5.71038e+06	1.64711e+13	5	5	1262.5
4.46106	-0.245161	-49.3758	1221.99	-301021	-6.07337e+06	2.29736e+13	4.33898	-25.3442	1262.5
4.52389	-3.25075	-47.8354	1672.48	-682622	-4.18201e+06	3.20432e+13	2.02061	-46.0077	1262.5
4.58673	-4.97299	-27.4103	1612.19	-945385	107035	4.46934e+13	-1.06956	-49.0979	1262.5
4.64956	-4.73197	3.83588	1126.94	-938660	6.04706e+06	6.23376e+13	-3.75119	-33.4343	1262.5
4.71239	-2.62285	33.5678	907.364	-558712	1.19448e+07	8.69475e+13	-5	-5	1262.5
4.77522	0.521733	50.0476	1265.99	191805	1.54553e+07	1.21273e+14	-4.33898	25.3442	1262.5
4.83805	3.46035	46.7695	1692.39	1.16289e+06	1.42502e+07	1.6915e+14	-2.02061	46.0077	1262.5
4.90088	5.03287	25.0275	1579.68	2.05826e+06	6.94352e+06	2.35927e+14	1.06956	49.0979	1262.5
4.96372	4.61849	-6.59497	1088.27	2.49453e+06	-5.98889e+06	3.29068e+14	3.75119	33.4343	1262.5
5.02655	2.38081	-35.6138	917.585	2.11824e+06	-2.16625e+07	4.58978e+14	5	5	1262.5
5.08938	-0.796777	-50.5729	1310.55	757144	-3.49718e+07	6.40176e+14	4.33898	-25.3442	1262.5
5.15221	-3.65981	-45.5666	1707.87	-1.4402e+06	-3.97291e+07	8.92907e+14	2.02061	-46.0077	1262.5
5.21504	-5.07801	-22.5713	1544.04	-3.93645e+06	-3.068e+07	1.24541e+15	-1.06956	-49.0979	1262.5
5.27788	-4.49149	9.33475	1052.24	-5.86413e+06	-5.94659e+06	1.73708e+15	-3.75119	-33.4343	1262.5
5.34071	-2.1318	37.5556	932.441	-6.23777e+06	3.08988e+07	2.42285e+15	-5	-5	1262.5
5.40354	1.06949	50.9501	1355.15	-4.29633e+06	7.00919e+07	3.37936e+15	-4.33898	25.3442	1262.5
5.46637	3.84856	44.2303	1718.73	107667	9.70865e+07	4.71348e+15	-2.02061	46.0077	1262.5
5.5292	5.10828	20.0491	1505.71	6.20779e+06	9.641e+07	6.57428e+15	1.06956	49.0979	1262.5
5.59203	4.35134	-12.0472	1019.27	1.22654e+07	5.74053e+07	9.16971e+15	3.75119	33.4343	1262.5
5.65487	1.87655	-39.3874	951.757	1.58723e+07	-1.96606e+07	1.27898e+16	5	5	1262.5
5.7177	-1.33907	-51.1782	1399.26	1.4637e+07	-1.19389e+08	1.7839e+16	4.33898	-25.3442	1262.5
5.78053	-4.02604	-42.7645	1724.85	7.13555e+06	-2.11356e+08	2.48815e+16	2.02061	-46.0077	1262.5
5.84336	-5.1236	-17.4682	1465.13	-6.14434e+06	-2.5619e+08	3.47043e+16	-1.06956	-49.0979	1262.5
5.90619	-4.19844	14.7244	989.749	-2.22412e+07	-2.17584e+08	4.8405e+16	-3.75119	-33.4343	1262.5
5.96903	-1.6158	41.104	975.309	-3.59124e+07	-7.78382e+07	6.75146e+16	-5	-5	1262.5
6.03186	1.60473	51.2563	1442.36	-4.08032e+07	1.47806e+08	9.41683e+16	-4.33898	25.3442	1262.5
6.09469	4.19174	41.1735	1726.16	-3.15162e+07	4.0418e+08	1.31344e+17	-2.02061	46.0077	1262.5
6.15752	5.12392	14.8361	1422.78	-6.12082e+06	6.02202e+08	1.83197e+17	1.06956	49.0979	1262.5
6.22035	4.03325	-17.3584	964.014	3.17167e+07	6.40661e+08	2.5552e+17	3.75119	33.4343	1262.5
6.28319	1.35033	-42.7001	1002.82	7.19706e+07	4.41379e+08	3.56396e+17	5	5	1262.5
6.34602	-1.86569	-51.1845	1483.96	9.97032e+07	-1.08255e+07	4.97095e+17	4.33898	-25.3442	1262.5
6.40885	-4.34516	-39.462	1722.64	9.9023e+07	-6.37279e+08	6.93341e+17	2.02061	-46.0077	1262.5
6.47168	-5.10923	-12.1606	1379.15	5.89816e+07	-1.25946e+09	9.6706e+17	-1.06956	-49.0979	1262.5
6.53451	-3.85626	19.9417	942.371	-2.01526e+07	-1.63005e+09	1.34884e+18	-3.75119	-33.4343	1262.5
6.59734	-1.08089	44.1713	1033.97	-1.22572e+08	-1.50343e+09	1.88134e+18	-5	-5	1262.5
6.66018	2.12119	50.9627	1523.57	-2.17035e+08	-7.33288e+08	2.62407e+18	-4.33898	25.3442	1262.5
6.72301	4.48586	37.6349	1714.34	-2.63109e+08	6.30383e+08	3.66e+18	-2.02061	46.0077	1262.5
6.78584	5.07958	9.44943	1334.75	-2.23501e+08	2.28354e+09	5.10492e+18	1.06956	49.0979	1262.5
6.84867	3.66797	-22.4665	925.072	-8.00214e+07	3.68784e+09	7.12026e+18	3.75119	33.4343	1262.5
6.9115	0.808299	-45.5131	1068.39	1.51692e+08	4.19063e+09	9.93122e+18	5	5	1262.5
6.97434	-2.37047	-50.5918	1560.72	4.14998e+08	3.23752e+09	1.38519e+19	4.33898	-25.3442	1262.5
7.03717	-4.61342	-35.6976	1701.34	6.18417e+08	6.30012e+08	1.93204e+19	2.02061	-46.0077	1262.5
7.1	-5.03506	-6.71063	1290.11	6.58002e+08	-3.25562e+09	2.69478e+19	-1.06956	-49.0979	1262.5
7.16283	-3.46894	24.9256	912.321	4.53445e+08	-7.38996e+09	3.75864e+19	-3.75119	-33.4343	1262.5
7.22566	-0.533336	46.7216	1105.68	-1.08797e+07	-1.0239e+10	5.24249e+19	-5	-5	1262.5
7.28849	2.61282	50.0727	1594.98	-6.54218e+08	-1.01707e+10	7.31214e+19	-4.33898	25.3442	1262.5
7.35133	4.72748	33.6558	1683.81	-1.29326e+09	-6.06011e+09	1.01989e+20	-2.02061	46.0077	1262.5
7.41416	4.9758	3.95219	1245.74	-1.67403e+09	2.06568e+09	1.42252e+20	1.06956	49.0979	1262.5
7.47699	3.25976	-27.3117	904.266	-1.54424e+09	1.25839e+10	1.98411e+20	3.75119	33.4343	1262.5
7.53982	0.256812	-47.7934	1145.4	-7.53567e+08	2.22866e+10	2.76741e+20	5	5	1262.5
7.60265	-2.84752	-49.407	1625.94	6.46744e+08	2.70215e+10	3.85993e+20	4.33898	-25.3442	1262.5
7.66549	-4.82769	-31.5155	1661.94	2.34455e+09	2.29578e+10	5.38377e+20	2.02061	-46.0077	1262.5
7.72832	-4.90197	-1.18218	1202.17	3.78704e+09	8.22658e+09	7.5092e+20	-1.06956	-49.0979	1262.5
7.79115	-3.04103	29.6178	901.001	4.30393e+09	-1.55681e+10	1.04737e+21	-3.75119	-33.4343	1262.5
7.85398	0.0204635	48.7252	1187.09	3.32576e+09	-4.26104e+10	1.46086e+21	-5	-5	1262.5
7.91681	3.07388	48.5966	1653.25	6.48464e+08	-6.35068e+10	2.03758e+21	-4.33898	25.3442	1262.5
7.97965	4.91377	29.2829	1636	-3.34178e+09	-6.75812e+10	2.84199e+21	-2.02061	46.0077	1262.5
8.04248	4.81379	-1.5913	1159.9	-7.58804e+09	-4.65841e+10	3.96396e+21	1.06956	49.0979	1262.5
8.10531	2.8134	-31.8372	902.565	-1.0515e+10	1.09289e+09	5.52886e+21	3.75119	33.4343	1262.5
8.16814	-0.29768	-49.5143	1230.27	-1.04463e+10	6.71606e+10	7.71157e+21	5	5	1262.5
8.23097	-3.29124	-47.644	1676.59	-6.22651e+09	1.32797e+11	1.0756e+22	4.33898	-25.3442	1262.5
8.2938	-4.98547	-26.9645	1606.29	2.11736e+09	1.71919e+11	1.50023e+22	2.02061	-46.0077	1262.5
8.35664	-4.71151	4.36011	1119.42	1.29194e+10	1.58615e+11	2.09249e+22	-1.06956	-49.0979	1262.5
8.41947	-2.57753	33.9634	908.94	2.28855e+10	7.74406e+10	2.91858e+22	-3.75119	-33.4343	1262.5
8.4823	0.574024	50.1585	1274.41	2.77512e+10	-6.6353e+10	4.07078e+22	-5	-5	1262.5
8.54513	3.49896	46.5518	1695.67	2.35821e+10	-2.40719e+11	5.67786e+22	-4.33898	25.3442	1262.5
8.60796	5.04256	24.5672	1573.15	8.45731e+09	-3.8889e+11	7.91939e+22	-2.02061	46.0077	1262.5
8.6708	4.59544	-7.11616	1081.22	-1.59774e+10	-4.42029e+11	1.10458e+23	1.06956	49.0979	1262.5
8.73363	2.33411	-35.9902	920.05	-4.37508e+10	-3.4164e+11	1.54066e+23	3.75119	33.4343	1262.5
8.79646	-0.848688	-50.6558	1319.02	-6.52167e+10	-6.67453e+10	2.14888e+23	5	5	1262.5
8.85929	-3.69644	-45.3234	1710.29	-6.94104e+10	3.43023e+11	2.99723e+23	4.33898	-25.3442	1262.5
8.92212	-5.08489	-22.098	1536.97	-4.78576e+10	7.79142e+11	4.18049e+23	2.02061	-46.0077	1262.5
8.98495	-4.46591	9.85138	1045.74	1.09729e+09	1.07984e+12	5.83088e+23	-1.06956	-49.0979	1262.5
9.04779	-2.08386	37.9115	935.767	6.89457e+10	1.07295e+12	8.13282e+23	-3.75119	-33.4343	1262.5
9.11062	1.12087	51.0048	1363.56	1.36361e+11	6.39748e+11	1.13435e+24	-5	-5	1262.5
9.17345	3.88309	43.9622	1720.26	1.76557e+11	-2.17033e+11	1.58218e+24	-4.33898	25.3442	1262.5
9.23628	5.11234	19.564	1498.18	1.62921e+11	-1.32638e+12	2.2068e+24	-2.02061	46.0077	1262.5
9.29911	4.32331	-12.5577	1013.4	7.95821e+10	-2.35004e+12	3.078e+24	1.06956	49.0979	1262.5
9.36195	1.82751	-39.7219	955.905	-6.8075e+10	-2.85007e+12	4.29315e+24	3.75119	33.4343	1262.5
9.42478	-1.38976	-51.2045	1407.52	-2.4715e+11	-2.42234e+12	5.98802e+24	5	5	1262.5
9.48761	-4.05838	-42.4724	1725.47	-3.9935e+11	-8.69449e+11	8.35199e+24	4.33898	-25.3442	1262.5
9.55044	-5.12481	-16.9728	1457.22	-4.53979e+11	1.63974e+12	1.16492e+25	2.02061	-46.0077	1262.5
9.61327	-4.16805	15.2273	984.568	-3.50951e+11	4.49218e+12	1.62482e+25	-1.06956	-49.0979	1262.5
9.67611	-1.56581	41.416	980.23	-6.86994e+10	6.69727e+12	2.26627e+25	-3.75119	-33.4343	1262.5
9.73894	1.65459	51.2542	1450.38	3.52102e+11	7.12892e+12	3.16095e+25	-5	-5	1262.5
9.80177	4.22178	40.8581	1725.87	8.00025e+11	4.91659e+12	4.40885e+25	-4.33898	25.3442	1262.5
9.8646	5.12228	14.3319	1414.59	1.10894e+12	-1.10114e+11	6.14939e+25	-2.02061	46.0077	1262.5
9.92743	4.00059	-17.8524	959.588	1.10203e+12	-7.07782e+12	8.57708e+25	1.06956	49.0979	1262.5
9.99026	1.29952	-42.9888	1008.46	6.57313e+11	-1.4002e+13	1.19632e+26	3.75119	33.4343	1262.5
10.0531	-1.91457	-51.1539	1491.64	-2.22461e+11	-1.81321e+13	1.6686e+26	5	5	1262.5
10.1159	-4.37283	-39.1243	1721.44	-1.36173e+12	-1.67343e+13	2.32734e+26	4.33898	-25.3442	1262.5
10.1788	-5.10476	-11.649	1370.78	-2.41318e+12	-8.17828e+12	3.24614e+26	2.02061	-46.0077	1262.5
10.2416	-3.82141	20.4251	938.75	-2.92704e+12	6.98417e+12	4.52766e+26	-1.06956	-49.0979	1262.5
10.3044	-1.02943	44.4357	1040.25	-2.48821e+12	2.53753e+13	6.31512e+26	-3.75119	-33.4343	1262.5
10.3673	2.16895	50.9038	1530.82	-8.93832e+11	4.10092e+13	8.80822e+26	-5	-5	1262.5
10.4301	4.51107	37.2759	1712.23	1.68285e+12	4.66253e+13	1.22856e+27	-4.33898	25.3442	1262.5
10.4929	5.07228	8.93203	1326.29	4.6124e+12	3.60516e+13	1.71357e+27	-2.02061	46.0077	1262.5
10.5558	3.63104	-22.9381	922.3	6.87759e+12	7.07104e+12	2.39006e+27	1.06956	49.0979	1262.5
10.6186	0.756323	-45.7526	1075.25	7.32188e+12	-3.61421e+13	3.33362e+27	3.75119	33.4343	1262.5
10.6814	-2.41698	-50.5047	1567.45	5.051e+12	-8.21469e+13	4.64968e+27	5	5	1262.5
10.7442	-4.6361	-35.3183	1698.36	-1.10439e+11	-1.13883e+14	6.4853e+27	4.33898	-25.3442	1262.5
10.8071	-5.02496	-6.18889	1281.66	-7.26593e+12	-1.13189e+14	9.0456e+27	2.02061	-46.0077	1262.5
10.8699	-3.43004	25.3838	910.429	-1.43778e+13	-6.75361e+13	1.26167e+28	-1.06956	-49.0979	1262.5
10.9327	-0.481002	46.9354	1113.04	-1.86212e+13	2.28024e+13	1.75975e+28	-3.75119	-33.4343	1262.5
10.9956	2.65793	49.9577	1601.11	-1.71885e+13	1.39803e+14	2.45447e+28	-5	-5	1262.5
11.0584	4.74755	33.2574	1679.99	-8.40443e+12	2.47802e+14	3.42346e+28	-4.33898	25.3442	1262.5
11.1212	4.96292	3.42763	1237.4	7.16542e+12	3.00609e+14	4.77499e+28	-2.02061	46.0077	1262.5
11.1841	3.219	-27.7553	903.277	2.60532e+13	2.55587e+14	6.66008e+28	1.06956	49.0979	1262.5
11.2469	0.204273	-47.9809	1153.17	4.21122e+13	9.18897e+13	9.28937e+28	3.75119	33.4343	1262.5
11.3097	-2.8911	-49.2644	1631.41	4.78858e+13	-1.72709e+14	1.29567e+29	5	5	1262.5
11.3726	-4.84511	-31.0991	1657.33	3.70342e+13	-4.73584e+14	1.80718e+29	4.33898	-25.3442	1262.5
11.4354	-4.88635	-0.65634	1194.04	7.27799e+12	-7.06277e+14	2.52062e+29	2.02061	-46.0077	1262.5
11.4982	-2.99853	30.0455	900.926	-3.70987e+13	-7.52006e+14	3.51572e+29	-1.06956	-49.0979	1262.5
11.5611	0.0730535	48.8858	1195.18	-8.43486e+13	-5.18908e+14	4.90367e+29	-3.75119	-33.4343	1262.5
11.6239	3.1158	48.4268	1657.99	-1.16953e+14	1.10702e+13	6.83957e+29	-5	-5	1262.5
11.6867	4.92848	28.8497	1630.65	-1.16257e+14	7.45905e+14	9.53972e+29	-4.33898	25.3442	1262.5
11.7496	4.79547	-2.11687	1152.07	-6.93904e+13	1.47637e+15	1.33058e+30	-2.02061	46.0077	1262.5
11.8124	2.76929	-32.2477	903.406	2.33726e+13	1.91236e+15	1.85588e+30	1.06956	49.0979	1262.5
11.8752	-0.350167	-49.6477	1238.58	1.4353e+14	1.76551e+15	2.58855e+30	3.75119	33.4343	1262.5
11.9381	-3.33138	-47.4475	1680.54	2.5446e+14	8.63683e+14	3.61047e+30	5	5	1262.5
12.0009	-4.99742	-26.5158	1600.25	3.08727e+14	-7.35136e+14	5.03582e+30	4.33898	-25.3442	1262.5
12.0637	-4.69056	4.88389	1111.99	2.62537e+14	-2.67492e+15	7.02389e+30	2.02061	-46.0077	1262.5
12.1265	-2.53193	34.3555	910.686	9.44664e+13	-4.32449e+15	9.79681e+30	-1.06956	-49.0979	1262.5
12.1894	0.626254	50.2641	1282.85	-1.77249e+14	-4.91804e+15	1.36644e+31	-3.75119	-33.4343	1262.5
12.2522	3.53721	46.3293	1698.79	-4.86259e+14	-3.80435e+15	1.90589e+31	-5	-5	1262.5
12.315	5.05173	24.1043	1566.51	-7.25293e+14	-7.49095e+14	2.65831e+31	-4.33898	25.3442	1262.5
12.3779	4.57191	-7.63661	1074.28	-7.72361e+14	3.80806e+15	3.70777e+31	-2.02061	46.0077	1262.5
12.4407	2.28717	-36.3627	922.681	-5.33093e+14	8.66094e+15	5.17154e+31	1.06956	49.0979	1262.5
12.5035	-0.900508	-50.7334	1327.49	1.10899e+13	1.20105e+16	7.21318e+31	3.75119	33.4343	1262.5
12.5664	-3.73268	-45.0754	1712.54	7.6573e+14	1.19408e+16	1.00608e+32	5	5	1262.5
12.6292	-5.09125	-21.6223	1529.8	1.51599e+15	7.12956e+15	1.40327e+32	4.33898	-25.3442	1262.5
12.692	-4.43987	10.367	1039.36	1.96396e+15	-2.39569e+15	1.95726e+32	2.02061	-46.0077	1262.5
12.7549	-2.0357	38.2635	939.252	1.81343e+15	-1.47356e+16	2.72995e+32	-1.06956	-49.0979	1262.5
12.8177	1.17213	51.0542	1371.96	8.87565e+14	-2.61297e+16	3.80769e+32	-3.75119	-33.4343	1262.5
12.8805	3.91722	43.6895	1721.62	-7.54212e+14	-3.17064e+16	5.31091e+32	-5	-5	1262.5
12.9434	5.11586	19.0769	1490.56	-2.74639e+15	-2.69676e+16	7.40757e+32	-4.33898	25.3442	1262.5
13.0062	4.29483	-13.067	1007.65	-4.44081e+15	-9.71153e+15	1.0332e+33	-2.02061	46.0077	1262.5
13.069	1.77828	-40.0522	960.203	-5.051e+15	1.81909e+16	1.44109e+33	1.06956	49.0979	1262.5
13.1319	-1.44031	-51.2255	1415.75	-3.90803e+15	4.99273e+16	2.01e+33	3.75119	33.4343	1262.5
13.1947	-4.09029	-42.1757	1725.92	-7.71011e+14	7.44822e+16	2.80352e+33	5	5	1262.5
13.2575	-5.12549	-16.4757	1449.25	3.90884e+15	7.93266e+16	3.91031e+33	4.33898	-25.3442	1262.5
13.3204	-4.13722	15.7287	979.527	8.89308e+15	5.47666e+16	5.45403e+33	2.02061	-46.0077	1262.5
13.3832	-1.51565	41.7237	985.291	1.23342e+16	-1.11026e+15	7.6072e+33	-1.06956	-49.0979	1262.5
13.446	1.70428	51.2467	1458.34	1.22644e+16	-7.86081e+16	1.06104e+34	-3.75119	-33.4343	1262.5
13.5088	4.25139	40.5384	1725.4	7.32531e+15	-1.55668e+17	1.47992e+34	-5	-5	1262.5
13.5717	5.12011	13.8262	1406.36	-2.45557e+15	-2.01694e+17	2.06417e+34	-4.33898	25.3442	1262.5
13.6345	3.9675	-18.3444	955.311	-1.51284e+16	-1.86265e+17	2.87907e+34	-2.02061	46.0077	1262.5
13.6973	1.24858	-43.2729	1014.22	-2.68318e+16	-9.12107e+16	4.01569e+34	1.06956	49.0979	1262.5
13.7602	-1.96326	-51.118	1499.24	-3.25627e+16	7.73782e+16	5.60102e+34	3.75119	33.4343	1262.5
13.823	-4.40003	-38.7825	1720.05	-2.77009e+16	2.81976e+17	7.81221e+34	5	5	1262.5
13.8858	-5.09974	-11.1362	1362.38	-9.98383e+15	4.56026e+17	1.08963e+35	4.33898	-25.3442	1262.5
13.9487	-3.78616	20.9064	935.288	1.86691e+16	5.18756e+17	1.51981e+35	2.02061	-46.0077	1262.5
14.0115	-0.977855	44.6955	1046.65	5.12635e+16	4.01454e+17	2.1198e+35	-1.06956	-49.0979	1262.5
14.0743	2.21649	50.8396	1537.97	7.64876e+16	7.93564e+16	2.95666e+35	-3.75119	-33.4343	1262.5
14.1372	4.5358	36.9129	1709.96	8.14737e+16	-4.01229e+17	4.12391e+35	-5	-5	1262.5
14.2	5.06445	8.41369	1317.83	5.62637e+16	-9.13144e+17	5.75196e+35	-4.33898	25.3442	1262.5
14.2628	3.59373	-23.4072	919.692	-1.11079e+15	-1.26666e+18	8.02275e+35	-2.02061	46.0077	1262.5
14.3257	0.704267	-45.9872	1082.21	-8.06973e+16	-1.25968e+18	1.119e+36	1.06956	49.0979	1262.5
14.3885	-2.46323	-50.4123	1574.07	-1.59845e+17	-7.52644e+17	1.56076e+36	3.75119	33.4343	1262.5
14.4513	-4.65828	-34.9353	1695.22	-2.07135e+17	2.51694e+17	2.17693e+36	5	5	1262.5
14.5142	-5.01432	-5.6665	1273.22	-1.91321e+17	1.55316e+18	3.03634e+36	4.33898	-25.3442	1262.5
14.577	-3.39078	25.8394	908.707	-9.37327e+16	2.75527e+18	4.23505e+36	2.02061	-46.0077	1262.5
14.6398	-0.428618	47.1443	1120.48	7.93859e+16	3.34421e+18	5.90697e+36	-1.06956	-49.0979	1262.5
14.7027	2.70276	49.8374	1607.13	2.89509e+17	2.84541e+18	8.23895e+36	-3.75119	-33.4343	1262.5
14.7655	4.76713	32.8555	1676.02	4.68291e+17	1.02638e+18	1.14916e+37	-5	-5	1262.5
14.8283	4.94951	2.90272	1229.1	5.3278e+17	-1.91599e+18	1.60283e+37	-4.33898	25.3442	1262.5
14.8911	3.1779	-28.196	902.461	4.12395e+17	-5.26354e+18	2.2356e+37	-2.02061	46.0077	1262.5
14.954	0.151713	-48.1633	1161	8.16773e+16	-7.8547e+18	3.11817e+37	1.06956	49.0979	1262.5
15.0168	-2.93437	-49.1166	1636.75	-4.11848e+17	-8.36789e+18	4.34918e+37	3.75119	33.4343	1262.5
15.0796	-4.86201	-30.6794	1652.57	-9.37619e+17	-5.78018e+18	6.06616e+37	5	5	1262.5
15.1425	-4.87021	-0.130434	1185.96	-1.3008e+18	1.11055e+17	8.46099e+37	4.33898	-25.3442	1262.5
15.2053	-2.95572	30.47	901.026	-1.29382e+18	8.28421e+18	1.18013e+38	2.02061	-46.0077	1262.5
15.2681	0.125636	49.0414	1203.32	-7.73308e+17	1.64135e+19	1.64602e+38	-1.06956	-49.0979	1262.5
15.331	3.1574	48.252	1662.58	2.57984e+17	2.12724e+19	2.29584e+38	-3.75119	-33.4343	1262.5
15.3938	4.94267	28.4135	1625.16	1.59457e+18	1.96514e+19	3.20221e+38	-5	-5	1262.5
15.4566	4.77665	-2.64223	1144.31	2.8293e+18	9.63244e+18	4.46639e+38	-4.33898	25.3442	1262.5
15.5195	2.72489	-32.6548	904.419	3.43452e+18	-8.14457e+18	6.22964e+38	-2.02061	46.0077	1262.5
15.5823	-0.402617	-49.7758	1246.92	2.92279e+18	-2.97243e+19	8.68901e+38	1.06956	49.0979	1262.5
15.6451	-3.37117	-47.2461	1684.34	1.05515e+18	-4.80887e+19	1.21193e+39	3.75119	33.4343	1262.5
15.708	-5.00885	-26.0644	1594.1	-1.96635e+18	-5.47184e+19	1.69038e+39	5	5	1262.5
15.7708	-4.6691	5.40716	1104.65	-5.40441e+18	-4.23635e+19	2.35771e+39	4.33898	-25.3442	1262.5
15.8336	-2.48607	34.744	912.601	-8.06619e+18	-8.40656e+18	3.2885e+39	2.02061	-46.0077	1262.5
15.8965	0.678419	50.3645	1291.3	-8.59439e+18	4.22748e+19	4.58675e+39	-1.06956	-49.0979	1262.5
15.9593	3.57508	46.1018	1701.75	-5.93818e+18	9.62749e+19	6.39753e+39	-3.75119	-33.4343	1262.5
16.0221	5.06036	23.6389	1559.76	1.10948e+17	1.33586e+20	8.92317e+39	-5	-5	1262.5
16.085	4.54789	-8.15625	1067.43	8.50438e+18	1.32889e+20	1.24459e+40	-4.33898	25.3442	1262.5
16.1478	2.23998	-36.7315	925.477	1.6854e+19	7.94539e+19	1.73593e+40	-2.02061	46.0077	1262.5
16.2106	-0.952234	-50.8057	1335.95	2.18462e+19	-2.6443e+19	2.42125e+40	1.06956	49.0979	1262.5
16.2734	-3.76852	-44.8226	1714.62	2.01848e+19	-1.63707e+20	3.37713e+40	3.75119	33.4343	1262.5
16.3363	-5.09706	-21.1443	1522.54	9.89877e+18	-2.90532e+20	4.71036e+40	5	5	1262.5
16.3991	-4.41336	10.8815	1033.09	-8.35587e+18	-3.52728e+20	6.56994e+40	4.33898	-25.3442	1262.5
16.4619	-1.98733	38.6114	942.894	-3.05184e+19	-3.00226e+20	9.16365e+40	2.02061	-46.0077	1262.5
16.5248	1.22326	51.0982	1380.33	-4.93822e+19	-1.08473e+20	1.27813e+41	-1.06956	-49.0979	1262.5
16.5876	3.95093	43.4122	1722.8	-5.61977e+19	2.01804e+20	1.78272e+41	-3.75119	-33.4343	1262.5
16.6504	5.11883	18.5878	1482.88	-4.3518e+19	5.54905e+20	2.48651e+41	-5	-5	1262.5
16.7133	4.2659	-13.5748	1002.03	-8.65233e+18	8.28337e+20	3.46814e+41	-4.33898	25.3442	1262.5
16.7761	1.72886	-40.3783	964.651	4.33936e+19	8.82701e+20	4.83731e+41	-2.02061	46.0077	1262.5
16.8389	-1.49071	-51.241	1423.93	9.88553e+19	6.10051e+20	6.747e+41	1.06956	49.0979	1262.5
16.9018	-4.12177	-41.8746	1726.19	1.37186e+20	-1.10755e+19	9.4106e+41	3.75119	33.4343	1262.5
16.9646	-5.12562	-15.9768	1441.23	1.3649e+20	-8.7304e+20	1.31258e+42	5	5	1262.5
17.0274	-4.10596	16.2284	974.626	8.16353e+19	-1.73063e+21	1.83076e+42	4.33898	-25.3442	1262.5
17.0903	-1.46533	42.0269	990.491	-2.71035e+19	-2.24356e+21	2.55352e+42	2.02061	-46.0077	1262.5
17.1531	1.75379	51.2339	1466.24	-1.68071e+20	-2.07327e+21	3.5616e+42	-1.06956	-49.0979	1262.5
17.2159	4.28054	40.2145	1724.75	-2.98338e+20	-1.01725e+21	4.96767e+42	-3.75119	-33.4343	1262.5
17.2788	5.1174	13.3191	1398.09	-3.62253e+20	8.57266e+20	6.92882e+42	-5	-5	1262.5
17.3416	3.93399	-18.8345	951.184	-3.0839e+20	3.13337e+21	9.66422e+42	-4.33898	25.3442	1262.5
17.4044	1.19751	-43.5525	1020.11	-1.11514e+20	5.07104e+21	1.34795e+43	-2.02061	46.0077	1262.5
17.4673	-2.01174	-51.0767	1506.77	2.07109e+20	5.7717e+21	1.8801e+43	1.06956	49.0979	1262.5
17.5301	-4.42678	-38.4366	1718.5	5.69755e+20	4.4704e+21	2.62233e+43	3.75119	33.4343	1262.5
17.5929	-5.0942	-10.6223	1353.96	8.50639e+20	8.90524e+20	3.65759e+43	5	5	1262.5
17.6558	-3.75051	21.3855	931.984	9.06592e+20	-4.4542e+21	5.10154e+43	4.33898	-25.3442	1262.5
17.7186	-0.926178	44.9506	1053.17	6.26727e+20	-1.01505e+22	7.11555e+43	2.02061	-46.0077	1262.5
17.7814	2.26379	50.7699	1545.03	-1.10472e+19	-1.40883e+22	9.92466e+43	-1.06956	-49.0979	1262.5
17.8442	4.56005	36.5461	1707.51	-8.96243e+20	-1.40189e+22	1.38428e+44	-3.75119	-33.4343	1262.5
17.9071	5.05608	7.89447	1309.36	-1.77708e+21	-8.38766e+21	1.93077e+44	-5	-5	1262.5
17.9699	3.55604	-23.8738	917.251	-2.30409e+21	2.77805e+21	2.693e+44	-4.33898	25.3442	1262.5
18.0327	0.652138	-46.2171	1089.27	-2.12954e+21	1.72551e+22	3.75616e+44	-2.02061	46.0077	1262.5
18.0956	-2.50922	-50.3146	1580.59	-1.04537e+21	3.06354e+22	5.23903e+44	1.06956	49.0979	1262.5
18.1584	-4.67998	-34.5487	1691.91	8.79505e+20	3.72036e+22	7.30731e+44	3.75119	33.4343	1262.5
18.2212	-5.00315	-5.14351	1264.81	3.21708e+21	3.16775e+22	1.01921e+45	5	5	1262.5
18.2841	-3.35116	26.2922	907.156	5.20744e+21	1.1464e+22	1.42158e+45	4.33898	-25.3442	1262.5
18.3469	-0.376188	47.3482	1128	5.92774e+21	-2.12553e+22	1.9828e+45	2.02061	-46.0077	1262.5
18.4097	2.7473	49.7119	1613.02	4.59224e+21	-5.85004e+22	2.76558e+45	-1.06956	-49.0979	1262.5
18.4726	4.7862	32.4501	1671.89	9.1655e+20	-8.73542e+22	3.85738e+45	-3.75119	-33.4343	1262.5
18.5354	4.93558	2.37749	1220.82	-4.57208e+21	-9.31131e+22	5.38022e+45	-5	-5	1262.5
18.5982	3.13647	-28.6337	901.817	-1.04225e+22	-6.43859e+22	7.50424e+45	-4.33898	25.3442	1262.5
18.6611	0.0991367	-48.3407	1168.9	-1.4468e+22	1.10092e+21	1.04668e+46	-2.02061	46.0077	1262.5
18.7239	-2.97734	-48.9636	1641.95	-1.43989e+22	9.20062e+22	1.45989e+46	1.06956	49.0979	1262.5
18.7867	-4.87841	-30.2565	1647.67	-8.61793e+21	1.82477e+23	2.03623e+46	3.75119	33.4343	1262.5
18.8496	-4.85356	0.395485	1177.93	2.84743e+21	2.36625e+23	2.84011e+46	5	5	1262.5
18.9124	-2.9126	30.8913	901.298	1.7715e+22	2.18734e+23	3.96134e+46	4.33898	-25.3442	1262.5
18.9752	0.178205	49.1917	1211.5	3.14585e+22	1.07427e+23	5.52521e+46	2.02061	-46.0077	1262.5
19.0381	3.19866	48.072	1667.03	3.82083e+22	-9.02321e+22	7.70648e+46	-1.06956	-49.0979	1262.5
19.1009	4.95633	27.9743	1619.54	3.25389e+22	-3.30302e+23	1.07489e+47	-3.75119	-33.4343	1262.5
19.1637	4.75733	-3.16731	1136.62	1.17854e+22	-5.3475e+23	1.49924e+47	-5	-5	1262.5
19.2265	2.6802	-33.0585	905.605	-2.18139e+22	-6.088e+23	2.09111e+47	-4.33898	25.3442	1262.5
19.2894	-0.455024	-49.8987	1255.29	-6.0066e+22	-4.71739e+23	2.91665e+47	-2.02061	46.0077	1262.5
19.3522	-3.41061	-47.0397	1687.98	-8.97062e+22	-9.43331e+22	4.06809e+47	1.06956	49.0979	1262.5
19.415	-5.01975	-25.6101	1587.83	-9.56333e+22	4.69307e+23	5.67411e+47	3.75119	33.4343	1262.5
19.4779	-4.64716	5.92985	1097.39	-6.61459e+22	1.07019e+24	7.91416e+47	5	5	1262.5
19.5407	-2.43995	35.1288	914.686	1.09612e+21	1.4858e+24	1.10385e+48	4.33898	-25.3442	1262.5
19.6035	0.730512	50.4595	1299.76	9.44514e+22	1.47891e+24	1.53964e+48	2.02061	-46.0077	1262.5
19.6664	3.61258	45.8696	1704.55	1.87374e+23	8.85453e+23	2.14746e+48	-1.06956	-49.0979	1262.5
19.7292	5.06846	23.171	1552.91	2.43009e+23	-2.91853e+23	2.99525e+48	-3.75119	-33.4343	1262.5
19.792	4.52339	-8.67504	1060.68	2.24671e+23	-1.81872e+24	4.17773e+48	-5	-5	1262.5
19.8549	2.19256	-37.0964	928.436	1.10397e+23	-3.23037e+24	5.82703e+48	-4.33898	25.3442	1262.5
19.9177	-1.00386	-50.8726	1344.4	-9.25728e+22	-3.92402e+24	8.12745e+48	-2.02061	46.0077	1262.5
19.9805	-3.80397	-44.5652	1716.54	-3.39126e+23	-3.34237e+24	1.1336e+49	1.06956	49.0979	1262.5
20.0434	-5.10234	-20.6641	1515.19	-5.49133e+23	-1.21157e+24	1.58113e+49	3.75119	33.4343	1262.5
20.1062	-4.38638	11.3948	1026.94	-6.25259e+23	2.23873e+24	2.20534e+49	5	5	1262.5
20.169	-1.93875	38.9553	946.693	-4.84595e+23	6.16735e+24	3.07597e+49	4.33898	-25.3442	1262.5
20.2319	1.27427	51.1368	1388.67	-9.70891e+22	9.21215e+24	4.29031e+49	2.02061	-46.0077	1262.5
20.2947	3.98423	43.1303	1723.81	4.81727e+23	9.82218e+24	5.98406e+49	-1.06956	-49.0979	1262.5
20.3575	5.12127	18.0967	1475.12	1.09887e+24	6.7954e+24	8.34648e+49	-3.75119	-33.4343	1262.5
20.4204	4.23652	-14.0812	996.547	1.52584e+24	-1.09026e+23	1.16415e+50	-5	-5	1262.5
20.4832	1.67926	-40.7001	969.245	1.51899e+24	-9.69616e+24	1.62374e+50	-4.33898	25.3442	1262.5
20.546	-1.54095	-51.2512	1432.07	9.09762e+23	-1.92403e+25	2.26477e+50	-2.02061	46.0077	1262.5
20.6088	-4.15281	-41.5691	1726.29	-2.99139e+23	-2.49565e+25	3.15887e+50	1.06956	49.0979	1262.5
20.6717	-5.12521	-15.4762	1433.15	-1.8672e+24	-2.30769e+25	4.40594e+50	3.75119	33.4343	1262.5
20.7345	-4.07426	16.7264	969.867	-3.31716e+24	-1.1345e+25	6.14533e+50	5	5	1262.5
20.7973	-1.41485	42.3258	995.826	-4.02999e+24	9.49741e+24	8.57141e+50	4.33898	-25.3442	1262.5
20.8602	1.80311	51.2156	1474.08	-3.43325e+24	3.48186e+25	1.19553e+51	2.02061	-46.0077	1262.5
20.923	4.30924	39.8863	1723.94	-1.24553e+24	5.63903e+25	1.6675e+51	-1.06956	-49.0979	1262.5
20.9858	5.11415	12.8105	1389.78	2.29757e+24	6.42162e+25	2.3258e+51	-3.75119	-33.4343	1262.5
21.0487	3.90007	-19.3227	947.211	6.3324e+24	4.97801e+25	3.244e+51	-5	-5	1262.5
21.1115	1.14631	-43.8275	1026.13	9.46018e+24	9.99251e+24	4.52467e+51	-4.33898	25.3442	1262.5
21.1743	-2.06	-51.03	1514.21	1.0088e+25	-4.94475e+25	6.31094e+51	-2.02061	46.0077	1262.5
21.2372	-4.45305	-38.0866	1716.78	6.98115e+24	-1.12832e+26	8.8024e+51	1.06956	49.0979	1262.5
21.3	-5.08811	-10.1073	1345.52	-1.08328e+23	-1.56696e+26	1.22775e+52	3.75119	33.4343	1262.5
21.3628	-3.71446	21.8623	928.842	-9.95385e+24	-1.56016e+26	1.71244e+52	5	5	1262.5
21.4257	-0.874403	45.201	1059.79	-1.97566e+25	-9.34738e+25	2.38848e+52	4.33898	-25.3442	1262.5
21.4885	2.31086	50.695	1551.99	-2.56297e+25	3.06606e+25	3.33142e+52	2.02061	-46.0077	1262.5
21.5513	4.58383	36.1755	1704.91	-2.37033e+25	1.91697e+26	4.64661e+52	-1.06956	-49.0979	1262.5
21.6142	5.04718	7.37441	1300.89	-1.16586e+25	3.40629e+26	6.48102e+52	-3.75119	-33.4343	1262.5
21.677	3.51798	-24.3379	914.976	9.74376e+24	4.13882e+26	9.03962e+52	-5	-5	1262.5
21.7398	0.599939	-46.442	1096.43	3.57487e+25	3.5266e+26	1.26083e+53	-4.33898	25.3442	1262.5
21.8027	-2.55495	-50.2116	1586.99	5.7907e+25	1.28044e+26	1.75859e+53	-2.02061	46.0077	1262.5
21.8655	-4.70118	-34.1584	1688.45	6.59523e+25	-2.35796e+26	2.45285e+53	1.06956	49.0979	1262.5
21.9283	-4.99146	-4.61998	1256.41	5.11368e+25	-6.50187e+26	3.4212e+53	3.75119	33.4343	1262.5
21.9911	-3.31119	26.7423	905.775	1.02843e+25	-9.71489e+26	4.77184e+53	5	5	1262.5
22.054	-0.323718	47.5471	1135.61	-5.07561e+25	-1.03611e+27	6.65568e+53	4.33898	-25.3442	1262.5
22.1168	2.79156	49.5811	1618.78	-1.15857e+26	-7.17197e+26	9.28324e+53	2.02061	-46.0077	1262.5
22.1796	4.80477	32.0413	1667.61	-1.60919e+26	1.07514e+25	1.29481e+54	-1.06956	-49.0979	1262.5
22.2425	4.92113	1.85202	1212.59	-1.60244e+26	1.02184e+27	1.80598e+54	-3.75119	-33.4343	1262.5
22.3053	3.09471	-29.0684	901.348	-9.60399e+25	2.02868e+27	2.51896e+54	-5	-5	1262.5
22.3681	0.0465498	-48.513	1176.87	3.14258e+25	2.63212e+27	3.5134e+54	-4.33898	25.3442	1262.5
22.431	-3.01999	-48.8055	1647.01	1.96807e+26	2.43466e+27	4.90043e+54	-2.02061	46.0077	1262.5
22.4938	-4.89429	-29.8304	1642.63	3.49781e+26	1.19809e+27	6.83505e+54	1.06956	49.0979	1262.5
22.5566	-4.8364	0.921363	1169.96	4.25059e+26	-9.99648e+26	9.53342e+54	3.75119	33.4343	1262.5
22.6195	-2.86917	31.3093	901.745	3.62249e+26	-3.67037e+27	1.32971e+55	5	5	1262.5
22.6823	0.230755	49.3369	1219.73	1.31633e+26	-5.94645e+27	1.85465e+55	4.33898	-25.3442	1262.5
22.7451	3.23958	47.887	1671.33	-2.41994e+26	-6.77353e+27	2.58684e+55	2.02061	-46.0077	1262.5
22.808	4.96948	27.5321	1613.79	-6.67587e+26	-5.25304e+27	3.60808e+55	-1.06956	-49.0979	1262.5
22.8708	4.7375	-3.69205	1129.01	-9.97645e+26	-1.05846e+27	5.0325e+55	-3.75119	-33.4343	1262.5
22.9336	2.63523	-33.4586	906.962	-1.06415e+27	5.20993e+27	7.01925e+55	-5	-5	1262.5
22.9965	-0.507384	-50.0163	1263.69	-7.36801e+26	1.18962e+28	9.79034e+55	-4.33898	25.3442	1262.5
23.0593	-3.44969	-46.8283	1691.46	1.06578e+25	1.65256e+28	1.36554e+56	-2.02061	46.0077	1262.5
23.1221	-5.03012	-25.1532	1581.45	1.04899e+27	1.64587e+28	1.90463e+56	1.06956	49.0979	1262.5
23.185	-4.62473	6.45192	1090.22	2.08312e+27	9.86765e+27	2.65655e+56	3.75119	33.4343	1262.5
23.2478	-2.39357	35.51	916.938	2.70313e+27	-3.221e+27	3.70532e+56	5	5	1262.5
23.3106	0.782528	50.5492	1308.23	2.50074e+27	-2.02052e+28	5.16812e+56	4.33898	-25.3442	1262.5
23.3734	3.6497	45.6325	1707.18	1.23121e+27	-3.59179e+28	7.20841e+56	2.02061	-46.0077	1262.5
23.4363	5.07603	22.7007	1545.96	-1.02558e+27	-4.36538e+28	1.00542e+57	-1.06956	-49.0979	1262.5
23.4991	4.49842	-9.19291	1054.04	-3.76843e+27	-3.72099e+28	1.40234e+57	-3.75119	-33.4343	1262.5
23.5619	2.14491	-37.4573	931.557	-6.1064e+27	-1.35322e+28	1.95596e+57	-5	-5	1262.5
23.6248	-1.05538	-50.9342	1352.84	-6.95665e+27	2.48354e+28	2.72815e+57	-4.33898	25.3442	1262.5
23.6876	-3.83902	-44.303	1718.28	-5.3962e+27	6.85453e+28	3.80518e+57	-2.02061	46.0077	1262.5
23.7504	-5.10708	-20.1817	1507.76	-1.08937e+27	1.02451e+29	5.3074e+57	1.06956	49.0979	1262.5
23.8133	-4.35894	11.907	1020.91	5.34779e+27	1.09295e+29	7.40268e+57	3.75119	33.4343	1262.5
23.8761	-1.88996	39.295	950.646	1.2215e+28	7.56941e+28	1.03251e+58	5	5	1262.5
23.9389	1.32514	51.17	1396.98	1.6971e+28	-1.05513e+27	1.44013e+58	4.33898	-25.3442	1262.5
24.0018	4.0171	42.8439	1724.65	1.69047e+28	-1.07687e+29	2.00868e+58	2.02061	-46.0077	1262.5
24.0646	5.12317	17.6037	1467.29	1.01385e+28	-2.13903e+29	2.80167e+58	-1.06956	-49.0979	1262.5
24.1274	4.2067	-14.5862	991.193	-3.30137e+27	-2.77605e+29	3.90772e+58	-3.75119	-33.4343	1262.5
24.1903	1.62948	-41.0176	973.984	-2.07438e+28	-2.56862e+29	5.45043e+58	-5	-5	1262.5
24.2531	-1.59103	-51.256	1440.16	-3.68829e+28	-1.26525e+29	7.60218e+58	-4.33898	25.3442	1262.5
24.3159	-4.18342	-41.2593	1726.21	-4.48327e+28	1.05217e+29	1.06034e+59	-2.02061	46.0077	1262.5
24.3788	-5.12427	-14.9741	1425.02	-3.82217e+28	3.8691e+29	1.47894e+59	1.06956	49.0979	1262.5
24.4416	-4.04214	17.2227	965.254	-1.39115e+28	6.27064e+29	2.06281e+59	3.75119	33.4343	1262.5
24.5044	-1.36423	42.6202	1001.3	2.54881e+28	7.14472e+29	2.87717e+59	5	5	1262.5
24.5673	1.85225	51.1919	1481.85	7.03797e+28	5.54325e+29	4.01303e+59	4.33898	-25.3442	1262.5
24.6301	4.33749	39.5539	1722.95	1.05209e+29	1.12117e+29	5.59732e+59	2.02061	-46.0077	1262.5
24.6929	5.11036	12.3006	1381.44	1.12253e+29	-5.48931e+29	7.80705e+59	-1.06956	-49.0979	1262.5
24.7558	3.86574	-19.8087	943.391	7.77631e+28	-1.25424e+30	1.08891e+60	-3.75119	-33.4343	1262.5
24.8186	1.09499	-44.0979	1032.26	-1.04313e+27	-1.74284e+30	1.5188e+60	-5	-5	1262.5
24.8814	-2.10805	-50.9779	1521.57	-1.10549e+29	-1.73629e+30	2.1184e+60	-4.33898	25.3442	1262.5
24.9442	-4.47886	-37.7327	1714.89	-2.19643e+29	-1.04169e+30	2.95471e+60	-2.02061	46.0077	1262.5
25.0071	-5.08149	-9.59113	1337.07	-2.85094e+29	3.38372e+29	4.12118e+60	1.06956	49.0979	1262.5
25.0699	-3.67803	22.3368	925.861	-2.63834e+29	2.12967e+30	5.74816e+60	3.75119	33.4343	1262.5
25.1327	-0.822537	45.4466	1066.52	-1.30022e+29	3.78739e+30	8.01745e+60	5	5	1262.5
25.1956	2.35768	50.6147	1558.86	1.07946e+29	4.60434e+30	1.11826e+61	4.33898	-25.3442	1262.5
25.2584	4.60712	35.801	1702.13	3.97246e+29	3.9261e+30	1.55973e+61	2.02061	-46.0077	1262.5
25.3212	5.03774	6.85358	1292.43	6.4393e+29	1.43013e+30	2.17549e+61	-1.06956	-49.0979	1262.5
25.3841	3.47955	-24.7995	912.869	7.33787e+29	-2.6158e+30	3.03434e+61	-3.75119	-33.4343	1262.5
25.4469	0.547678	-46.6621	1103.67	5.69432e+29	-7.22632e+30	4.23225e+61	-5	-5	1262.5
25.5097	-2.6004	-50.1033	1593.27	1.15389e+29	-1.08042e+31	5.90307e+61	-4.33898	25.3442	1262.5
25.5726	-4.72189	-33.7645	1684.83	-5.63457e+29	-1.15292e+31	8.23351e+61	-2.02061	46.0077	1262.5
25.6354	-4.97924	-4.09596	1248.03	-1.28786e+30	-7.98887e+30	1.1484e+62	1.06956	49.0979	1262.5
25.6982	-3.27087	27.1896	904.567	-1.78981e+30	1.02971e+29	1.60177e+62	3.75119	33.4343	1262.5
25.7611	-0.271215	47.7411	1143.28	-1.78334e+30	1.13487e+31	2.23412e+62	5	5	1262.5
25.8239	2.83552	49.4452	1624.42	-1.07028e+30	2.25538e+31	3.11611e+62	4.33898	-25.3442	1262.5
25.8867	4.82283	31.6291	1663.18	3.46812e+29	2.92785e+31	4.3463e+62	2.02061	-46.0077	1262.5
25.9496	4.90617	1.32635	1204.4	2.18644e+30	2.70995e+31	6.06216e+62	-1.06956	-49.0979	1262.5
26.0124	3.05263	-29.5	901.052	3.88915e+30	1.33617e+31	8.4554e+62	-3.75119	-33.4343	1262.5
26.0752	-0.00604188	-48.6802	1184.88	4.72868e+30	-1.10746e+31	1.17935e+63	-5	-5	1262.5
26.1381	-3.06233	-48.6423	1651.93	4.03285e+30	-4.07858e+31	1.64493e+63	-4.33898	25.3442	1262.5
26.2009	-4.90965	-29.4011	1637.45	1.47021e+30	-6.61249e+31	2.29433e+63	-2.02061	46.0077	1262.5
26.2637	-4.81872	1.44714	1162.05	-2.68454e+30	-7.53625e+31	3.20009e+63	1.06956	49.0979	1262.5
26.3265	-2.82544	31.7241	902.365	-7.41971e+30	-5.8495e+31	4.46344e+63	3.75119	33.4343	1262.5
26.3894	0.283281	49.4769	1227.99	-1.10951e+31	-1.18756e+31	6.22553e+63	5	5	1262.5
26.4522	3.28017	47.697	1675.48	-1.18412e+31	5.78367e+31	8.68327e+63	4.33898	-25.3442	1262.5
26.515	4.9821	27.087	1607.92	-8.20723e+30	1.32237e+32	1.21113e+64	2.02061	-46.0077	1262.5
26.5779	4.71717	-4.2164	1121.48	1.01482e+29	1.83805e+32	1.68926e+64	-1.06956	-49.0979	1262.5
26.6407	2.58998	-33.8553	908.491	1.16503e+31	1.83167e+32	2.35616e+64	-3.75119	-33.4343	1262.5
26.7035	-0.559691	-50.1286	1272.1	2.3159e+31	1.09966e+32	3.28633e+64	-5	-5	1262.5
26.7664	-3.48841	-46.612	1694.79	3.00684e+31	-3.55461e+31	4.58372e+64	-4.33898	25.3442	1262.5
26.8292	-5.03996	-24.6937	1574.95	2.7835e+31	-2.24471e+32	6.3933e+64	-2.02061	46.0077	1262.5
26.892	-4.60181	6.97331	1083.15	1.3731e+31	-3.99364e+32	8.91728e+64	1.06956	49.0979	1262.5
26.9549	-2.34694	35.8873	919.358	-1.13617e+31	-4.85638e+32	1.24377e+65	3.75119	33.4343	1262.5
27.0177	0.834462	50.6336	1316.7	-4.18753e+31	-4.14251e+32	1.73479e+65	5	5	1262.5
27.0805	3.68643	45.3905	1709.64	-6.79034e+31	-1.5114e+32	2.41965e+65	4.33898	-25.3442	1262.5
27.1434	5.08306	22.228	1538.92	-7.73998e+31	2.7551e+32	3.3749e+65	2.02061	-46.0077	1262.5
27.2062	4.47297	-9.70981	1047.52	-6.00891e+31	7.61827e+32	4.70725e+65	-1.06956	-49.0979	1262.5
27.269	2.09703	-37.8143	934.839	-1.22221e+31	1.13938e+33	6.5656e+65	-3.75119	-33.4343	1262.5
27.3319	-1.10679	-50.9904	1361.26	5.93672e+31	1.21617e+33	9.1576e+65	-5	-5	1262.5
27.3947	-3.87367	-44.0362	1719.86	1.35781e+32	8.43156e+32	1.27729e+66	-4.33898	25.3442	1262.5
27.4575	-5.11128	-19.6972	1500.25	1.88759e+32	-9.98374e+30	1.78154e+66	-2.02061	46.0077	1262.5
27.5204	-4.33104	12.4179	1015	1.88131e+32	-1.19599e+33	2.48486e+66	1.06956	49.0979	1262.5
27.5832	-1.84098	39.6306	954.753	1.12985e+32	-2.37805e+33	3.46585e+66	3.75119	33.4343	1262.5
27.646	1.37588	51.1978	1405.26	-3.64324e+31	-3.08796e+33	4.83411e+66	5	5	1262.5
27.7088	4.04956	42.5529	1725.32	-2.30455e+32	-2.85905e+33	6.74254e+66	4.33898	-25.3442	1262.5
27.7717	5.12453	17.1088	1459.4	-4.10094e+32	-1.41106e+33	9.40439e+66	2.02061	-46.0077	1262.5
27.8345	4.17643	-15.0896	985.975	-4.98753e+32	1.16564e+33	1.31171e+67	-1.06956	-49.0979	1262.5
27.8973	1.57953	-41.3309	978.866	-4.25514e+32	4.29939e+33	1.82955e+67	-3.75119	-33.4343	1262.5
27.9602	-1.64094	-51.2554	1448.19	-1.55375e+32	6.97298e+33	2.55183e+67	-5	-5	1262.5
28.023	-4.21359	-40.9451	1725.97	2.8275e+32	7.94923e+33	3.55925e+67	-4.33898	25.3442	1262.5
28.0858	-5.12278	-14.4703	1416.84	7.82215e+32	6.17266e+33	4.96439e+67	-2.02061	46.0077	1262.5
28.1487	-4.00959	17.7171	960.787	1.17005e+33	1.25786e+33	6.92425e+67	1.06956	49.0979	1262.5
28.2115	-1.31347	42.9101	1006.9	1.24909e+33	-6.09381e+33	9.65783e+67	3.75119	33.4343	1262.5
28.2743	1.90119	51.1628	1489.54	8.66203e+32	-1.39421e+34	1.34706e+68	5	5	1262.5
28.3372	4.36529	39.2173	1721.78	-9.80305e+30	-1.93846e+34	1.87886e+68	4.33898	-25.3442	1262.5
28.4	5.10604	11.7894	1373.08	-1.22777e+33	-1.9323e+34	2.6206e+68	2.02061	-46.0077	1262.5
28.4628	3.831	-20.2928	939.728	-2.44187e+33	-1.16087e+34	3.65517e+68	-1.06956	-49.0979	1262.5
28.5257	1.04355	-44.3637	1038.52	-3.17126e+33	3.73406e+33	5.09817e+68	-3.75119	-33.4343	1262.5
28.5885	-2.15588	-50.9205	1528.84	-2.93665e+33	2.36597e+34	7.11085e+68	-5	-5	1262.5
28.6513	-4.5042	-37.3747	1712.83	-1.45006e+33	4.21112e+34	9.9181e+68	-4.33898	25.3442	1262.5
28.7142	-5.07434	-9.074	1328.61	1.19586e+33	5.12222e+34	1.38336e+69	-2.02061	46.0077	1262.5
28.777	-3.64121	22.809	923.044	4.41425e+33	4.37084e+34	1.92949e+69	1.06956	49.0979	1262.5
28.8398	-0.770584	45.6874	1073.36	7.16053e+33	1.59729e+34	2.69122e+69	3.75119	33.4343	1262.5
28.9027	2.40425	50.5291	1565.62	8.16413e+33	-2.90181e+34	3.75368e+69	5	5	1262.5
28.9655	4.62993	35.4227	1699.2	6.34087e+33	-8.03148e+34	5.23557e+69	4.33898	-25.3442	1262.5
29.0283	5.02778	6.33203	1283.98	1.29454e+33	-1.20156e+35	7.30249e+69	2.02061	-46.0077	1262.5
29.0911	3.44075	-25.2584	910.931	-6.25506e+33	-1.2829e+35	1.01854e+70	-1.06956	-49.0979	1262.5
29.154	0.495358	-46.8773	1111.01	-1.43157e+34	-8.89878e+34	1.42064e+70	-3.75119	-33.4343	1262.5
29.2168	-2.64559	-49.9897	1599.44	-1.9907e+34	9.60538e+32	1.98149e+70	-5	-5	1262.5
29.2796	-4.7421	-33.367	1681.05	-1.98466e+34	1.2604e+35	2.76375e+70	-4.33898	25.3442	1262.5
29.3425	-4.9665	-3.57151	1239.69	-1.19273e+34	2.5074e+35	3.85484e+70	-2.02061	46.0077	1262.5
29.4053	-3.23021	27.6339	903.531	3.82714e+33	3.25682e+35	5.37666e+70	1.06956	49.0979	1262.5
29.4681	-0.218683	47.93	1151.03	2.42903e+34	3.01635e+35	7.49928e+70	3.75119	33.4343	1262.5
29.531	2.87918	49.304	1629.92	4.32426e+34	1.49014e+35	1.04599e+71	5	5	1262.5
29.5938	4.84038	31.2136	1658.61	5.26055e+34	-1.22687e+35	1.45893e+71	4.33898	-25.3442	1262.5
29.6566	4.89068	0.800543	1196.26	4.48968e+34	-4.53217e+35	2.03489e+71	2.02061	-46.0077	1262.5
29.7195	3.01022	-29.9285	900.93	1.64204e+34	-7.35312e+35	2.83823e+71	-1.06956	-49.0979	1262.5
29.7823	-0.058633	-48.8423	1192.96	-2.97806e+34	-8.38484e+35	3.95872e+71	-3.75119	-33.4343	1262.5
29.8451	-3.10434	-48.4739	1656.71	-8.24641e+34	-6.51367e+35	5.52156e+71	-5	-5	1262.5
29.908	-4.9245	-28.9688	1632.13	-1.23391e+35	-1.33229e+35	7.70139e+71	-4.33898	25.3442	1262.5
29.9708	-4.80055	1.97277	1154.21	-1.31762e+35	6.42057e+35	1.07418e+72	-2.02061	46.0077	1262.5
30.0336	-2.78141	32.1355	903.158	-9.14201e+34	1.46994e+36	1.49825e+72	1.06956	49.0979	1262.5
30.0965	0.335777	49.6116	1236.29	9.38994e+32	2.04435e+36	2.08973e+72	3.75119	33.4343	1262.5
30.1593	3.32041	47.5019	1679.47	1.29389e+35	2.03845e+36	2.91472e+72	5	5	1262.5
30.2221	4.99419	26.6391	1601.92	2.57469e+35	1.22547e+36	4.06541e+72	4.33898	-25.3442	1262.5
30.285	4.69635	-4.74031	1114.02	3.34468e+35	-3.92252e+35	5.67036e+72	2.02061	-46.0077	1262.5
30.3478	2.54446	-34.2484	910.19	3.09822e+35	-2.49377e+36	7.90893e+72	-1.06956	-49.0979	1262.5
30.4106	-0.611938	-50.2357	1280.54	1.53133e+35	-4.44044e+36	1.10313e+73	-3.75119	-33.4343	1262.5
30.4734	-3.52676	-46.3908	1697.95	-1.25868e+35	-5.40261e+36	1.53862e+73	-5	-5	1262.5
30.5363	-5.04927	-24.2315	1568.34	-4.65324e+35	-4.61176e+36	2.14605e+73	-4.33898	25.3442	1262.5
30.5991	-4.57841	7.49397	1076.17	-7.55089e+35	-1.68804e+36	2.99327e+73	-2.02061	46.0077	1262.5
30.6619	-2.30006	36.261	921.943	-8.61152e+35	3.05632e+36	4.17497e+73	1.06956	49.0979	1262.5
30.7248	0.886308	50.7127	1325.17	-6.69117e+35	8.4671e+36	5.82318e+73	3.75119	33.4343	1262.5
30.7876	3.72278	45.1439	1711.94	-1.37114e+35	1.26713e+37	8.12208e+73	5	5	1262.5
30.8504	5.08956	21.7529	1531.77	6.59047e+35	1.35328e+37	1.13285e+74	4.33898	-25.3442	1262.5
30.9133	4.44706	-10.2257	1041.1	1.50934e+36	9.39189e+36	1.58009e+74	2.02061	-46.0077	1262.5
30.9761	2.04893	-38.1674	938.28	2.09945e+36	-9.1559e+34	2.20388e+74	-1.06956	-49.0979	1262.5
31.0389	-1.15808	-51.0412	1369.66	2.09369e+36	-1.32828e+37	3.07394e+74	-3.75119	-33.4343	1262.5
31.1018	-3.9079	-43.7647	1721.26	1.25911e+36	-2.64378e+37	4.28748e+74	-5	-5	1262.5
31.1646	-5.11494	-19.2107	1492.66	-4.02026e+35	-3.43491e+37	5.98011e+74	-4.33898	25.3442	1262.5
31.2274	-4.30269	12.9275	1009.22	-2.56024e+36	-3.18231e+37	8.34096e+74	-2.02061	46.0077	1262.5
31.2903	-1.7918	39.9621	959.01	-4.55975e+36	-1.57366e+37	1.16338e+75	1.06956	49.0979	1262.5
31.3531	1.42647	51.2203	1413.5	-5.54851e+36	1.29131e+37	1.62267e+75	3.75119	33.4343	1262.5
31.4159	4.08158	42.2575	1725.81	-4.73715e+36	4.77754e+37	2.26327e+75	5	5	1262.5
